0.43155187 0.3260293  0.4784794  0.45494434 0.4225648  0.3883104  0.41063812 0.4622919  0.43107674 0.38637048 0.4272194  0.45747423 0.44430128 0.40260375 0.4401934  0.4043875  0.36197466 0.44313812
 0.44622052 0.40097857 0.4544694  0.5090406  0.4631506  0.3847024  0.47352657 0.37566623 0.4350689  0.4371086  0.3710285  0.3936158  0.44985196 0.4104389  0.4233274  0.36692137 0.49485698 0.3431094
 0.41978574 0.3860743  0.39081216 0.4385221  0.3443023  0.40808332 0.38256586 0.4493237  0.3880832  0.41465455 0.33036003 0.46955404 0.38428992 0.4470297  0.38192222 0.4008636  0.45999688 0.38059255
 0.40559894 0.3732531  0.40587416 0.3658238  0.3815292  0.33915284 0.3680499  0.348621   0.39508927 0.46304578 0.48744965 0.41459987 0.42537522 0.35848618 0.3833978  0.43321592 0.43937936 0.38268724
 0.442321   0.39113423 0.44188973 0.49446982 0.39935592 0.44876772 0.36942402 0.39380863 0.363879   0.36002648 0.45514986 0.42140782 0.40525666 0.3923711  0.35681078 0.42573214 0.42593685 0.36557108
 0.40234995 0.31910443 0.39161202 0.40083686 0.37682256 0.437825   0.3842043  0.42500162 0.42093682 0.4414611  0.3572013  0.35413387 0.38301766 0.38620535 0.37404892 0.47618276 0.34073168 0.35287645
 0.38551053 0.47335884 0.46304116 0.4003717  0.3537313  0.38549122 0.37911594 0.43559977 0.41393343 0.37221622 0.40121213 0.39675942 0.5041444  0.45730478 0.35836703 0.36266738 0.4578031  0.35936
 0.49704713 0.40497538 0.40756112 0.4981482  0.44671673 0.3524531  0.43654716 0.45262453 0.47543463 0.32113054 0.32393333 0.4179979  0.48234475 0.40816528 0.3718341  0.42165264 0.34749183 0.36245447
 0.44290924 0.4458911  0.40285623 0.35177884 0.4414223  0.39736086 0.40482134 0.41092446 0.38073322 0.39775202 0.4200449  0.40923434 0.408627   0.43746424 0.42897668 0.4528798  0.42061654 0.41709188
 0.3920091  0.396072   0.38568884 0.46763122 0.48337105 0.40708792 0.50486255 0.37869966 0.43299317 0.4024745  0.39083982 0.34436518 0.38905206 0.3724435  0.39624205 0.4572698  0.4035762  0.43235716
 0.40631866 0.41101357 0.43715417 0.45856738 0.4149214  0.37293848 0.36516637 0.4013045  0.38057107 0.3719377  0.3317664  0.42280588 0.4270877  0.4112949  0.41172528 0.36286467 0.3978854  0.40234345
 0.4046707  0.43223816 0.3846359  0.43803757 0.31834385 0.39158958 0.42399228 0.34806302 0.30868733 0.42773092 0.39127454 0.37950754 0.45993137 0.3825782  0.4629187  0.38037518 0.4055419  0.47668153
 0.41448304 0.34173435 0.40804788 0.41845223 0.30891657 0.45633528 0.39371789 0.3675738  0.40858838 0.4034272  0.32671878 0.42909217 0.40159267 0.31800967 0.4049923  0.38297603 0.4325898  0.43053722
 0.33309382 0.3763427  0.40215093 0.42216432 0.35662332 0.4292001  0.48809803 0.3910066  0.42588097 0.44709936 0.34154707 0.37227997 0.47431776 0.3939714  0.33830133 0.4259121  0.50942135 0.28914216
 0.46625584 0.39381152 0.4085837  0.40532702 0.42008615 0.3794049  0.35348195 0.41373432 0.3302621  0.39984882 0.38894615 0.4721153  0.44248208 0.34942383 0.41952872 0.46438387 0.41762128 0.4101225
 0.4074448  0.4058656  0.4351026  0.41633102 0.45041582 0.4036473  0.4435289  0.43430582 0.42550677 0.4004997  0.43926498 0.36655423 0.41409484 0.48079383 0.38812807 0.45830157 0.4016738  0.4389175
 0.33665034 0.37371507 0.40895003 0.35460088 0.37142608 0.42863864 0.4077473  0.4051651  0.41676924 0.45175624 0.4960694  0.40586594 0.40618604 0.4315373  0.39592502 0.37525812 0.40446538 0.39102116
 0.3876688  0.40518764 0.42482188 0.4005927  0.5013311  0.41085613 0.39897552 0.4172298  0.42607138 0.3999263  0.39739493 0.5204393  0.4246864  0.39485845 0.41036937 0.37109324 0.5124808  0.41473043
 0.38567683 0.4004784  0.40819377 0.4541916  0.37515408 0.4541458  0.45411715 0.39402115 0.3863462  0.42349356 0.42672452 0.31926173 0.4783452  0.38013145 0.43681794 0.41727844 0.36417407 0.40039295
 0.4200777  0.45638397 0.3724018  0.42483526 0.37950203 0.42739612 0.50074506 0.37517396 0.41103932 0.38566735 0.32028446 0.45037907 0.4037511  0.41783413 0.45701814 0.4538746  0.39466643 0.37799683
 0.38604993 0.3257584  0.3401118  0.42062384 0.4428178  0.4370586  0.40637094 0.39236385 0.39623064 0.42213795 0.31197903 0.35339695 0.47437963 0.37046412 0.34534183 0.38882023 0.31346348 0.35729226
 0.47697937 0.4711934  0.40116563 0.43685648 0.39349502 0.48888037 0.3478537  0.43035474 0.3416226  0.34858966 0.4379973  0.44614646 0.40894657 0.43061104 0.3619472  0.43299264 0.428974   0.47068018
 0.368171   0.37535265 0.3840535  0.45042586 0.45495382 0.34075996 0.4737646  0.4419097  0.43353823 0.40149316 0.4044308  0.430134   0.44633657 0.3771153  0.38832435 0.34249583 0.38572308 0.37021318
 0.4272318  0.46426624 0.392217   0.44452533 0.4477011  0.36446807 0.43697912 0.42112285 0.36218503 0.44904995 0.4739974  0.43356082 0.42934856 0.3781132  0.35226557 0.4603194  0.4032556  0.3703142
 0.3628881  0.41053456 0.4581133  0.38842356 0.4673333  0.4056319  0.41673127 0.39672273 0.33931687 0.45372722 0.36162987 0.37068447 0.4390903  0.43940306 0.4517687  0.40167496 0.38985237 0.33369753
 0.43894786 0.45512244 0.43299907 0.3824959  0.43661323 0.45838165 0.40561467 0.37786263 0.4390825  0.41316617 0.43635306 0.299361   0.37946734 0.3890817  0.46235684 0.36450323 0.4463341  0.4561884
 0.40787318 0.48294947 0.36955065 0.41647163 0.40326768 0.38782543 0.31640998 0.4053924  0.39651006 0.35634714 0.40557423 0.40830126 0.5004751  0.3943345  0.34262756 0.4425352  0.4357758  0.42696482
 0.39367834 0.40809673 0.45918584 0.3462656  0.35129437 0.38233843 0.47559828 0.35448828 0.3747348  0.3726255  0.3637227  0.49474147 0.3889772  0.4848862  0.4328436  0.36564413 0.4547317  0.43097234
 0.37361103 0.3780382  0.43264353 0.47488537 0.41222224 0.434392   0.41521457 0.39661846
