0.9903321  0.9403161  1.0689687  1.063984   1.0198661  1.0454578  0.96855706 1.0714542  1.0023     1.1501925  0.9742562  1.0630659  1.090573   1.0746129  0.9470609  0.9872946  0.9888168  1.0163043
 1.0619253  0.9027417  0.9481041  1.1561537  1.033379   0.95355135 0.92957497 0.94632393 1.1559803  0.95668817 0.9681788  0.9885769  0.9723676  0.990988   0.97555494 0.9252939  1.010505   0.93001753
 0.94994533 0.98368853 1.0271654  0.9575011  0.9752968  1.0702698  0.9401663  1.0668788  1.024942   0.95705974 0.92152053 0.98899275 1.046183   1.0190367  0.95534784 0.92607296 0.94777054 0.86744726
 0.9662306  0.9798257  1.0469565  0.96922415 0.93464035 0.9426459  0.9482859  1.010415   0.9563466  1.0255992  1.0554008  1.0109861  1.0854963  0.9772448  1.1002498  0.95212054 0.96395886 1.0469824
 1.1323625  0.9831979  1.0412822  1.0599909  0.9327882  0.92191267 0.9383192  0.9810174  0.9759225  0.9081209  1.0041441  0.9721603  0.9700639  0.9395654  0.9571028  0.99221337 0.9859286  0.93261963
 0.97733074 0.9596478  0.9929291  0.89377934 0.9443829  0.9448811  0.90961486 1.0394454  0.9117153  1.0227329  0.9471122  1.0083632  1.0379736  0.95417935 0.9986846  1.0568323  0.91494817 0.9702337
 0.95925456 1.2024012  1.1019871  0.90775084 0.95578754 0.95762545 1.0406553  0.9632204  0.88020355 1.0289137  1.0462893  0.9947709  0.9857115  1.0590173  0.9375316  0.984374   1.0299834  1.0549464
 0.9797575  1.0363433  1.0098948  1.0534369  0.9931149  0.88769096 0.95149213 1.095776   1.0295745  0.9665919  0.9071433  1.0045865  1.1399429  1.106238   1.0564505  0.9553727  0.94068897 0.99767244
 1.0147592  1.0445899  0.90988845 0.97454983 1.0451217  0.9006089  1.148569   0.98854136 0.99268275 1.0032182  1.0160171  0.97179645 0.9919323  1.0820614  0.9908498  0.95711356 1.0380309  0.9328883
 0.87840295 0.8969199  1.0042372  1.085924   1.017576   1.081376   0.98385626 1.047434   0.9911873  1.0663983  1.0213934  0.92396575 1.0155724  0.9143009  0.97373664 0.981163   0.97282207 0.9869459
 0.90724134 0.9338348  1.0801883  1.0053793  0.95680565 1.0194925  0.9284311  0.9699305  1.0395743  1.0210714  0.9032938  1.0028185  1.0529093  1.0424498  0.88595915 0.92490846 0.9266258  0.9750864
 1.0427295  0.95052993 0.9903057  1.0407825  0.9259668  1.0340608  0.9708948  1.0401828  0.9745486  1.1130583  0.910702   0.9960901  1.0050331  0.98853964 0.9404394  0.9437396  1.0344511  1.0528696
 1.0314229  0.90242445 1.0492277  0.9137656  1.0401736  1.028066   1.0519412  0.9373038  0.9668423  0.8829898  0.9241914  1.0838628  0.9540649  0.8581462  0.90561163 1.0054901  0.90456784 0.9918552
 0.9053023  0.9598387  0.93588775 1.0052608  0.9616131  1.0389066  1.0512301  1.0637497  0.92682415 0.91423714 0.9016486  1.0568596  1.0880402  0.99035066 0.92695194 1.0623976  1.0426648  0.9643483
 1.063646   1.0232226  0.96463233 0.9598152  1.0141889  0.89915353 0.8711097  1.0051425  1.0477079  1.0230279  1.1135848  1.009048   1.0305557  0.9315704  0.9137543  1.0513822  0.9558718  1.04646
 0.94410366 0.98778933 1.1723876  0.9041532  0.9680296  1.0055466  0.9674582  1.1621863  1.0068029  0.9432717  0.9193918  1.0340259  0.97678834 1.1004763  0.9391819  0.99899334 0.95923096 1.0142769
 0.9683707  0.99497235 0.99204344 0.982108   0.918536   0.9516395  0.9556265  1.0016829  0.9140407  0.9719153  1.04373    0.99079305 1.0521703  1.0571504  0.9981897  0.95526284 1.0404289  0.96859246
 0.9536143  1.0125067  1.0202719  0.9519156  0.9787584  0.97340155 1.0083383  0.94781893 1.0045353  1.032352   1.0292464  1.0365573  0.9836743  0.9543136  0.97600037 1.0611904  1.1199868  0.96489817
 1.0010997  0.9932549  0.9413407  1.0313706  1.0857298  0.94673634 1.0145683  0.9878883  0.9395668  1.0079694  0.9927951  0.9030479  0.98817986 0.89230347 1.1057825  0.9128612  0.9275941  0.8919955
 0.95929843 1.063137   0.9244676  0.99120146 0.96698123 1.0459538  1.0117967  1.0169075  1.004006   0.8970228  0.9494091  1.0878555  0.98537093 1.0077412  1.0711052  1.0017567  0.9895893  1.0177039
 0.95884913 0.9317615  0.8111411  1.0601367  0.9788574  1.004141   0.94206727 0.9060973  1.0251552  0.97740436 0.88186127 0.91206944 0.9547719  0.9993099  0.94253004 0.88959116 0.97165895 1.032833
 1.0711107  0.95031077 0.9477085  0.99253577 0.9587049  1.1017177  0.96964175 0.9483736  0.97858405 0.9149885  0.9669639  0.96317685 1.0185052  1.0062577  0.9078592  1.0140057  0.9918881  1.0113535
 0.96193194 1.0741979  0.96300906 1.0024669  1.0377212  0.95078397 1.0313272  0.93998355 0.96709543 1.0685866  1.0786241  0.9726859  0.9918856  0.9778124  0.9711996  0.9346646  0.99153787 0.97960645
 1.0240394  1.0183643  1.0134168  1.0665257  1.1182964  0.9744397  1.0158381  1.0290611  0.93931854 1.0002449  0.99079007 1.0374594  1.0043241  0.96049535 0.9636731  1.0269908  0.9835162  1.0404466
 0.94200987 0.99842167 1.0674874  0.9634595  1.0193692  0.94110316 1.0014687  0.98580265 0.9737338  0.9602226  0.99617404 0.954837   1.0609428  1.1082553  1.0694551  0.9057758  1.0090709  0.9946586
 0.9347652  1.0373284  0.9408934  1.0761449  0.9043757  1.0792099  0.96003115 1.0615437  1.020206   0.9089191  0.9521974  0.9032377  1.0300474  0.97860104 0.98315877 0.88086313 1.0771034  0.9919977
 0.9947889  1.0677575  0.93105906 0.94007015 1.0403234  0.9522842  0.9954007  1.0017037  1.0228364  0.9767908  1.0904577  0.9333962  1.0696723  0.93054074 0.9250219  0.9658726  1.1174788  1.0910825
 0.9259301  0.99085903 1.090464   1.008645   0.97651166 0.9479798  0.9622973  0.9632733  0.9183756  0.94252574 1.0115474  0.9782531  1.0116903  1.0171174  0.96285874 0.9306795  0.9606024  1.0610627
 1.0103625  0.99407077 0.97727394 1.0404824  0.99716365 0.9727051  1.0368397  0.9409746 
