-0.08650753 -0.16781156 -0.03796089 -0.31092367  0.02312608  0.04492286 -0.26129007 -0.14257213  0.03636781 -0.24498306 -0.01864537 -0.07275904 -0.03942    -0.04161143 -0.01399652 -0.10800058
 -0.14810072 -0.16125718 -0.09296285 -0.12783448  0.03855706 -0.20580629 -0.0479653  -0.06860232 -0.08611595 -0.07460825 -0.09452638 -0.02040708 -0.05401471 -0.08301125 -0.04946115 -0.06597054
 -0.0844491  -0.09918143 -0.02169197  0.01006302 -0.2167627  -0.10629427 -0.10721949 -0.15860808 -0.20512183 -0.22282301 -0.00127482 -0.1329396  -0.1964943   0.01468556  0.05790654 -0.23479092
 -0.08270308 -0.10559925 -0.03304224 -0.08532631 -0.11344092  0.0424467  -0.06277525 -0.15173866 -0.14819612  0.02636192 -0.0522215  -0.01442132  0.07580192 -0.10681047 -0.06207476 -0.11015213
 -0.14375784 -0.10434877 -0.23292692 -0.11230514 -0.10391463 -0.06265561 -0.10432257 -0.11456181 -0.31462157 -0.11973091 -0.16285843 -0.20814101 -0.18845412 -0.12342922 -0.13112962 -0.13841797
 -0.19891927 -0.10214625 -0.04935291 -0.18041414  0.03703133 -0.18626273 -0.18779205 -0.23024765 -0.17939238 -0.20990135 -0.2508798   0.0259455  -0.04761428 -0.18153982 -0.17127636 -0.00070862
 -0.05979072 -0.1355624  -0.09954731 -0.24058765 -0.14080055 -0.04264397 -0.18522832 -0.07901848 -0.14407338 -0.05514584 -0.04369745 -0.15951172 -0.08577394 -0.11319394 -0.17707875 -0.17948483
 -0.01713385 -0.12162646 -0.22605895 -0.2387438  -0.20231909 -0.16396257 -0.2660535  -0.18701075 -0.03741892 -0.14222811 -0.08646251 -0.1228168  -0.14401574 -0.06306241 -0.19167909 -0.11644692
 -0.14469026 -0.15748452 -0.11681592 -0.05145667 -0.13501777 -0.14479825 -0.11490634 -0.12847444 -0.14959921 -0.04579442 -0.06586026 -0.14631133 -0.15161005 -0.18302347 -0.04837409 -0.05077587
 -0.11398795 -0.13436148 -0.16535397 -0.05576529 -0.07498604 -0.13500232 -0.15805618 -0.16840269 -0.01851225 -0.13868997 -0.11718892  0.02348625 -0.07625921 -0.10091143 -0.1812165  -0.021318
 -0.19756153 -0.12617356 -0.22490293 -0.11717965 -0.20683995 -0.05839108 -0.01861498 -0.07239751 -0.10805682 -0.01768785 -0.01092667 -0.03658008 -0.17233682 -0.02468331 -0.1468178  -0.09781466
 -0.06150978 -0.01768547 -0.14149481  0.00906733  0.08391425 -0.02831481 -0.13891526 -0.05390923 -0.12308227 -0.12234814 -0.1554692  -0.18530867 -0.06985429 -0.20214806 -0.10675617 -0.20059909
 -0.11706588 -0.23705074 -0.05407973 -0.11880197  0.02780231 -0.1715521  -0.15928786 -0.2126689  -0.05269213 -0.14907016 -0.08132266 -0.3343896  -0.0926661  -0.18813688 -0.20805527 -0.0939687
 -0.12797482 -0.08034237 -0.01029727 -0.06053046 -0.1297411  -0.19577618 -0.17747663 -0.1416752  -0.15581632 -0.08770059 -0.03272945 -0.00691925 -0.08112822 -0.0970781  -0.08684455 -0.04607014
 -0.08597144 -0.16618496 -0.11930776 -0.16497914 -0.13307157 -0.04958412 -0.08454881 -0.12884478 -0.13881338  0.06167201 -0.01196426 -0.16943045 -0.08770713 -0.20432301 -0.16046223 -0.03224814
  0.08945421 -0.11351852 -0.06240148 -0.13655704 -0.08788278 -0.03166249  0.03468812 -0.09239919 -0.16370714 -0.1495758  -0.17385879 -0.15964305 -0.0992263  -0.10016952 -0.06626558 -0.11473758
 -0.07666084 -0.08775665 -0.05667794 -0.12490965 -0.20446922 -0.10250593 -0.33486432  0.02440039 -0.18141392 -0.13235138 -0.01205808 -0.05958428 -0.04968772  0.08858672 -0.01753024 -0.0992389
 -0.21064498 -0.02942483 -0.12922047  0.02716037 -0.20846044 -0.08124009 -0.16824585 -0.10848843 -0.0663844  -0.14656149 -0.00379351  0.04898248 -0.3337291  -0.24360645 -0.13178949 -0.0552739
 -0.12989968 -0.11815897 -0.17934808 -0.25843498 -0.05800167 -0.2649364  -0.14879596 -0.15629104 -0.09917481 -0.20474888 -0.11836183 -0.13515767 -0.10047358 -0.12933041 -0.09402592  0.03152756
 -0.2585734  -0.17605361 -0.05081263 -0.1078793  -0.04064103 -0.10046502 -0.06608    -0.08476605 -0.19465686  0.02669437 -0.19675103 -0.12913749 -0.15149154 -0.00969531 -0.12811692 -0.11927106
 -0.02449505 -0.09856809 -0.13019499 -0.07417557 -0.08957637 -0.0221884  -0.10425733 -0.08356858 -0.0170892  -0.05444873 -0.16982745 -0.1860824  -0.02399415  0.00949808 -0.02752578 -0.06132048
 -0.10014818 -0.00802028 -0.20479955 -0.03406426 -0.12872502  0.00043843 -0.11199126 -0.10666075 -0.1106087  -0.0358834  -0.2858061  -0.09838434  0.02509535  0.02286383 -0.19390799 -0.12232804
 -0.23277159 -0.07922988 -0.05552372 -0.17371398 -0.05537876 -0.02950649 -0.04174127 -0.11046528 -0.0934578  -0.18181762 -0.0792762  -0.18421839 -0.12090997 -0.25148976 -0.01564758 -0.14389147
 -0.05276988 -0.01044362 -0.1213797  -0.07851034 -0.01854911 -0.14914699 -0.21074896  0.00902869  0.00066111 -0.04434222 -0.27205923 -0.05379748 -0.11476767 -0.08947638 -0.13197185 -0.16869953
 -0.11586574 -0.15493587 -0.14086343 -0.09578295 -0.09625111 -0.03932641 -0.12772876 -0.07701354 -0.14795837 -0.16111505 -0.11040482 -0.18122093 -0.22977474 -0.04430969 -0.08697143 -0.03243629
 -0.05753335 -0.07116246 -0.32186836 -0.04291654 -0.10990955 -0.10326149 -0.12051836 -0.1356423  -0.04028328 -0.25332555 -0.14785497 -0.04389337 -0.12760267 -0.17944676 -0.04837453 -0.08516019
 -0.05507952 -0.10415714 -0.19687645 -0.08260436 -0.14255871 -0.00046712 -0.20496264 -0.11779536 -0.09227176 -0.07562964 -0.19025318 -0.18637578 -0.06464311 -0.14892216 -0.01943101 -0.14658429
 -0.19754055 -0.0765918  -0.06122994 -0.12041056  0.00757095 -0.13259536 -0.11449768 -0.1947838  -0.10938475 -0.1467514  -0.15900704 -0.09614875 -0.04803043 -0.06925333  0.07955191 -0.2577968
 -0.20896374 -0.3225677  -0.03931389 -0.02260045 -0.00074631 -0.18362162  0.06464104 -0.03350786 -0.11303245 -0.10100339 -0.03783805 -0.11584938 -0.02781754 -0.11895627 -0.2553765  -0.06250916
 -0.00136011 -0.03464843 -0.13026108 -0.07081293 -0.03913195 -0.064762   -0.14388154 -0.19828574 -0.05575337 -0.04399633 -0.23620726 -0.03481463 -0.06105367 -0.2032868  -0.16281947 -0.08671895
 -0.10881039 -0.14699474 -0.16529436  0.07399385 -0.16128911 -0.25992617 -0.20230298 -0.1402745  -0.00644127 -0.12528959 -0.19224752 -0.14527853 -0.12053598 -0.01937064 -0.04430806  0.04038101
 -0.11881774  0.06468115 -0.09457904 -0.14345995 -0.04281214 -0.12056442 -0.17007056  0.01630614 -0.13457628 -0.13881868 -0.29592758 -0.064385   -0.15105297 -0.08067769 -0.2039415  -0.04994224
