0.4379865  0.34801254 0.52894247 0.5629964  0.41306812 0.3859996  0.5714196  0.43225637 0.5883857  0.6253734  0.4235302  0.37341535 0.4267728  0.4732717  0.34270418 0.38549155 0.37853718 0.42834356
 0.47430986 0.40569246 0.44876516 0.59345067 0.41317058 0.3372614  0.44318664 0.34267938 0.5902203  0.3477409  0.36494407 0.2911812  0.49398467 0.46858403 0.3999526  0.32873526 0.4351607  0.30728373
 0.43300882 0.36538205 0.42560723 0.53411406 0.45571288 0.45397693 0.30549392 0.38979205 0.42541024 0.44027838 0.31268328 0.5157457  0.3652636  0.5209482  0.3297475  0.46569595 0.4669311  0.35143086
 0.42520115 0.42362595 0.48202068 0.3341705  0.41570523 0.36515492 0.32379845 0.41240725 0.42967904 0.46471435 0.54183275 0.4693802  0.55270535 0.41326618 0.37202865 0.39820614 0.41701508 0.41516417
 0.6109966  0.38464347 0.5308956  0.55355394 0.4487687  0.4454178  0.29769543 0.3813066  0.4472382  0.3432588  0.4313531  0.44517687 0.37509385 0.3850334  0.38838387 0.4594275  0.4083159  0.34129047
 0.43531233 0.32692713 0.39484283 0.40029824 0.5089848  0.4188982  0.35047185 0.43920332 0.30612597 0.53587806 0.3310605  0.3869043  0.48473305 0.33036596 0.44737554 0.4109413  0.32879803 0.32789144
 0.35998747 0.50158745 0.4504213  0.4132122  0.3658881  0.33738306 0.41425645 0.47065943 0.40108132 0.46752152 0.5284937  0.43174723 0.51675504 0.50602114 0.41764107 0.4052538  0.46806213 0.50348645
 0.5093342  0.4809889  0.45957115 0.54273623 0.44713056 0.34820256 0.49244502 0.4509032  0.4734419  0.40042117 0.35768107 0.44481552 0.5152256  0.4670298  0.4387747  0.42537516 0.32021987 0.36252767
 0.48865384 0.6716878  0.3640437  0.36162573 0.47455138 0.39396915 0.40946937 0.48782194 0.3611646  0.3838301  0.4676497  0.4973624  0.49961722 0.55467606 0.4365221  0.38982886 0.45648944 0.36155158
 0.38681126 0.4022214  0.46924186 0.53525126 0.3677458  0.38797355 0.42629707 0.40181822 0.35663193 0.3516525  0.39113206 0.39700514 0.38742563 0.3293691  0.42220253 0.44469413 0.41375196 0.47681037
 0.3642066  0.43679002 0.46539098 0.46571112 0.40965575 0.46174073 0.29789278 0.40636864 0.4763232  0.3965511  0.30003026 0.4380455  0.42750448 0.5501904  0.40709418 0.30942553 0.53178877 0.4611805
 0.39521775 0.4165147  0.40375775 0.5037935  0.3819651  0.45507038 0.42936045 0.48716202 0.29343268 0.5724776  0.47705734 0.42436516 0.566955   0.41691735 0.4166467  0.44305518 0.39298248 0.5623513
 0.43007118 0.36424032 0.40696025 0.37211654 0.3181381  0.53954864 0.41549784 0.29319608 0.40053824 0.3076895  0.371729   0.47715646 0.3742958  0.268399   0.33192995 0.39309448 0.3572864  0.42334968
 0.34942922 0.32719958 0.4070448  0.5107594  0.2958636  0.44053483 0.56199765 0.48069936 0.41286287 0.49614042 0.38849485 0.4209597  0.4726121  0.3999433  0.35740253 0.42997095 0.52726305 0.2825725
 0.4678324  0.47864065 0.4227088  0.381928   0.5108584  0.2873586  0.35435218 0.4147145  0.35121843 0.4223361  0.41266382 0.47867042 0.5434314  0.38996667 0.4908883  0.4168227  0.3131075  0.4220084
 0.475172   0.43942165 0.50625163 0.3746449  0.44269046 0.35504323 0.4162152  0.39521402 0.496413   0.37168917 0.4330208  0.37844983 0.43705627 0.49861136 0.43269747 0.49998543 0.4253702  0.4862034
 0.3918234  0.4636623  0.43049347 0.43836275 0.39152956 0.4662511  0.35325134 0.4932409  0.36452696 0.43693164 0.57475924 0.38802773 0.52383524 0.5044427  0.4473176  0.35400128 0.52600235 0.5887066
 0.35891455 0.3415297  0.42315307 0.4276877  0.5233918  0.37678948 0.38869756 0.44032827 0.4745705  0.42220384 0.4469683  0.49983487 0.46014175 0.36796692 0.3940484  0.39512646 0.66050357 0.42678615
 0.37782982 0.4268192  0.43583578 0.51979136 0.36748254 0.3770923  0.591125   0.45251447 0.31446278 0.42083007 0.4407797  0.35061017 0.35915795 0.35533732 0.5246045  0.3815914  0.3914751  0.3979406
 0.49536115 0.5175727  0.3450259  0.42158565 0.40731594 0.5137271  0.51355904 0.41432548 0.43600467 0.3456043  0.32096472 0.39525217 0.4199997  0.3437285  0.52183247 0.43458816 0.38166603 0.41128746
 0.41350663 0.2954189  0.3832272  0.43553925 0.38437402 0.43962714 0.37529758 0.37111172 0.3662836  0.42666367 0.33066207 0.31202847 0.4690326  0.35720208 0.43812978 0.37511846 0.31253153 0.40729058
 0.440416   0.40825683 0.4638769  0.39269242 0.5064763  0.65041405 0.41422787 0.44976547 0.46388432 0.3631541  0.47566092 0.38301396 0.46608582 0.40736103 0.35689887 0.49531236 0.46329966 0.4050236
 0.32625553 0.4765843  0.34098595 0.44810632 0.42740607 0.30475187 0.5845104  0.3469048  0.46666712 0.5205414  0.47445884 0.34829694 0.4608438  0.42761335 0.41600558 0.26724052 0.44919068 0.5176212
 0.44160014 0.45984885 0.36164674 0.44908735 0.44092393 0.35876638 0.5089795  0.4237472  0.34153998 0.40187424 0.44229564 0.5023055  0.47687516 0.34390566 0.29525527 0.47620147 0.44001883 0.48778787
 0.42408574 0.49025667 0.47902277 0.4406896  0.40652376 0.41304672 0.5054813  0.39564937 0.282504   0.4982941  0.3570826  0.2976627  0.43285948 0.5135639  0.42808568 0.36303326 0.542537   0.42966178
 0.40061265 0.6456582  0.39400828 0.42222556 0.36681262 0.5420153  0.43501058 0.47227862 0.51214564 0.43481454 0.5166947  0.34196785 0.5030666  0.36890092 0.44753426 0.40914467 0.40338978 0.46723634
 0.47047335 0.44692385 0.343584   0.48065495 0.36784536 0.45510948 0.38059735 0.47671658 0.41817626 0.3845573  0.4287009  0.3445341  0.48884642 0.41890267 0.3728312  0.52181005 0.44216892 0.5502239
 0.3368273  0.39881757 0.4264407  0.392283   0.43751177 0.43936032 0.56442344 0.31034657 0.37818667 0.38313937 0.32641917 0.47959396 0.42493814 0.4033895  0.4091064  0.31511497 0.38678306 0.40201113
 0.5993298  0.5357707  0.38841194 0.51055753 0.42774308 0.40326202 0.38101563 0.44048902
