0.3046432  0.35376602 0.28988126 0.29749748 0.2852448  0.33360487 0.3767334  0.3436005  0.42029926 0.32118148 0.336404   0.2622096  0.30511817 0.2647326  0.31874257 0.2750312  0.32024747 0.32434276
 0.35433075 0.3129964  0.3496654  0.34511214 0.35902652 0.31903777 0.40144652 0.23519354 0.32548425 0.288503   0.3678085  0.33339348 0.23901193 0.304108   0.2627306  0.29412213 0.33266643 0.24312563
 0.33195877 0.2992004  0.30932066 0.36226237 0.32786465 0.33148587 0.30609742 0.16349167 0.34174508 0.28409576 0.30090708 0.32125765 0.25261506 0.28761375 0.30751252 0.30184484 0.42113635 0.3610938
 0.33500686 0.37159714 0.35380962 0.30651644 0.3301453  0.29977858 0.29553154 0.33251303 0.43260866 0.28465644 0.26387125 0.307203   0.27712625 0.3409878  0.37499216 0.39100787 0.2803637  0.22355774
 0.36324522 0.25865003 0.3482403  0.28401873 0.24997818 0.36710063 0.33336133 0.24072602 0.25215045 0.30447432 0.36304107 0.28514242 0.2650598  0.31213441 0.32435906 0.3047007  0.32475367 0.32417765
 0.32186705 0.33490515 0.3996586  0.33179268 0.3668764  0.35826546 0.25241217 0.25973073 0.31371072 0.34980023 0.40035406 0.31495348 0.30894604 0.2386435  0.3495994  0.451038   0.30980876 0.27904248
 0.31329203 0.29954484 0.39712352 0.33997133 0.34024063 0.3071664  0.3176411  0.39972678 0.2866982  0.24437176 0.29921302 0.2779565  0.38445836 0.2969469  0.3561422  0.3526867  0.3648697  0.32676426
 0.28379485 0.38664132 0.36185542 0.29890096 0.32942367 0.32263872 0.31228742 0.27427387 0.30244538 0.31072628 0.31307358 0.30876833 0.3571413  0.31283394 0.34277952 0.3693938  0.34948197 0.24274828
 0.28638175 0.37913808 0.27445632 0.19458446 0.40409407 0.25490347 0.28963706 0.270009   0.2950696  0.28383    0.37438133 0.24140194 0.3847053  0.39377752 0.319072   0.34494373 0.33612275 0.29234925
 0.3684784  0.3433843  0.39213437 0.27123758 0.44129598 0.27188006 0.35899392 0.26786795 0.4111243  0.3408275  0.27334738 0.34738997 0.3579725  0.35038778 0.25844923 0.31558084 0.31251913 0.3857821
 0.3010312  0.2960989  0.33104548 0.25001678 0.24234027 0.32982093 0.26190293 0.4216368  0.29033172 0.31840765 0.31442654 0.28233466 0.26485747 0.2095787  0.2383718  0.31794804 0.3405308  0.3289295
 0.3239901  0.29671338 0.26076695 0.27944407 0.34140632 0.33371273 0.3289082  0.2812737  0.31557062 0.18074279 0.4084177  0.30565387 0.3274366  0.3659825  0.31051862 0.25610498 0.25274336 0.34216115
 0.2783942  0.3292349  0.38551736 0.37763754 0.30087116 0.28816012 0.2890966  0.36509827 0.32717922 0.34679812 0.36622137 0.25873968 0.38474774 0.2876595  0.28414452 0.39742085 0.38721782 0.32266355
 0.28467578 0.40360445 0.29166463 0.2636321  0.34667283 0.3676621  0.39429834 0.25806123 0.35789412 0.29989788 0.28698453 0.40661043 0.33320946 0.3439698  0.2687619  0.19819999 0.308249   0.31115445
 0.28991523 0.38081965 0.33477858 0.29789382 0.37028062 0.25803733 0.3098049  0.29879755 0.3382696  0.38516605 0.33462286 0.3486429  0.28072223 0.2792146  0.2590363  0.3293431  0.37440047 0.26926008
 0.29333276 0.4190855  0.3639577  0.257403   0.22976449 0.33888283 0.35677817 0.3884477  0.36231747 0.32120973 0.3531312  0.26695663 0.29473248 0.29048616 0.41855246 0.33519182 0.35569903 0.3207508
 0.2915003  0.37387502 0.34979412 0.34717953 0.29792407 0.31748343 0.2616229  0.3153568  0.34819275 0.34051242 0.3212533  0.2919625  0.283136   0.2873915  0.26980633 0.2508012  0.43065122 0.30333957
 0.26912737 0.3794096  0.2526837  0.383127   0.33977425 0.4009604  0.34372896 0.22177714 0.3179745  0.43224725 0.37483338 0.35973662 0.2477508  0.24676582 0.31922296 0.35980844 0.23887637 0.34549046
 0.3499869  0.26912814 0.32654202 0.3416941  0.3308311  0.37112156 0.34127656 0.23055042 0.35938314 0.2852     0.25126338 0.28150192 0.31678027 0.36681947 0.29275498 0.267962   0.37537885 0.27249774
 0.42851886 0.25733414 0.2765621  0.34867975 0.32686773 0.23641227 0.3222535  0.32049316 0.30265945 0.3012658  0.3800477  0.30006167 0.336184   0.34123933 0.2272794  0.2740387  0.24050316 0.31102967
 0.34540826 0.35920307 0.37444878 0.3555997  0.3277124  0.34720933 0.22262493 0.37490702 0.4052614  0.3214829  0.32602897 0.3638426  0.32675818 0.2756219  0.33355597 0.32817218 0.32733917 0.28440684
 0.2679585  0.35552734 0.36477682 0.2310126  0.32507697 0.33276525 0.37579367 0.4262956  0.37256017 0.32148057 0.3267918  0.2638467  0.32942006 0.30741733 0.26966703 0.31322807 0.28953063 0.34109667
 0.24777476 0.31490946 0.36700064 0.38103524 0.34322116 0.3740578  0.27406272 0.30801103 0.31378326 0.28601858 0.3165346  0.30420485 0.33703738 0.30559516 0.34857857 0.27756336 0.3554388  0.30739442
 0.27917066 0.28901935 0.37070334 0.3653953  0.24572784 0.36484438 0.30391163 0.28835025 0.39386696 0.31120265 0.3809821  0.2583082  0.25741008 0.35862458 0.33334377 0.31083366 0.36640996 0.22991179
 0.25145653 0.29108357 0.2731703  0.3197811  0.36796585 0.4285145  0.3382287  0.33062366 0.3509291  0.30535594 0.29918393 0.35279542 0.39555693 0.4580511  0.3122341  0.29048532 0.33077586 0.35076174
 0.3771747  0.34021592 0.41713017 0.30945948 0.25712746 0.37419474 0.2789569  0.33800444 0.24375936 0.2971199  0.35353225 0.26248395 0.2889854  0.3696152  0.3461221  0.36313435 0.31957167 0.3529786
 0.37501916 0.31102854 0.36104852 0.31408894 0.3163585  0.28233257 0.3643183  0.23955563 0.39365417 0.38287947 0.3241477  0.3053303  0.32691646 0.31525263 0.34925628 0.31084684 0.42106277 0.36253166
 0.2675945  0.32670245 0.23976658 0.34905383 0.40700978 0.3271759  0.27247977 0.44244307 0.3888538  0.31351614 0.34006116 0.37498796 0.31635556 0.3023774  0.2857155  0.30704203 0.21568021 0.26814124
 0.35114554 0.35738528 0.31696957 0.33332464 0.3299337  0.29620802 0.3205365  0.33270916
