0.9743811  1.167236   1.059712   0.9566896  0.94987136 1.090735   0.9390897  0.9387589  1.0636222  1.0037242  1.0797173  0.9171559  1.0356963  0.9765939  0.9962778  1.0163789  0.85347974 0.98785466
 1.0035146  0.958198   1.034763   0.99541754 1.0657394  1.0132327  1.07212    0.95369184 0.87221503 0.9710201  1.0633401  1.0181288  0.9092184  1.0221603  1.0285951  0.92525536 1.1032552  0.903799
 0.94515395 1.0055978  0.962276   0.99381804 1.013369   1.0884149  0.92216843 1.0116376  1.0010431  0.9969744  0.9961987  0.9527589  0.9538484  0.97394836 1.0002247  0.95307857 0.9575795  1.0423855
 1.0143559  0.9190044  0.9129185  0.94060206 1.0756453  1.1277443  1.0154368  0.9914839  0.97794867 0.9704495  0.8685231  0.98128587 0.9072986  1.0050436  1.0100658  1.0432838  0.95067847 1.0663029
 1.0644451  0.93525046 1.0458984  0.9785706  1.0310035  1.0237616  0.9684496  0.9885086  1.0683547  0.9611773  1.0887855  0.9360415  0.99191225 1.0200542  0.9970825  0.9483369  0.9851563  1.0043219
 1.005096   0.956613   1.1437694  0.95272666 0.99269146 0.97742254 0.8656773  1.060341   0.9952827  0.9507664  1.0099099  0.99383247 0.9956548  1.0794027  1.0665332  1.111235   1.0395365  0.98344266
 1.0374376  0.94665694 1.0581396  1.0184262  1.0030482  1.0871204  0.9261324  0.9986393  0.98777115 0.9270747  1.0521349  0.91491705 1.0448651  0.93535346 1.0705276  0.9239562  0.95623624 0.92889494
 0.9708512  0.98248684 1.0580077  1.0128493  1.0725404  1.018611   1.0300566  0.96821415 1.026067   0.9932278  0.96749306 0.95264363 0.9558136  0.9848859  0.97213656 1.0896735  0.9933958  0.9699077
 0.9178169  0.94022924 0.96163064 0.9949651  0.9013618  0.9783447  0.9440772  0.98830765 0.8898043  1.0486114  1.0675068  0.93110913 0.9735456  1.0199733  1.0059011  0.9873839  0.9741958  0.9207967
 1.0999987  0.9506356  1.001996   1.025928   1.1531364  0.9863354  1.0785463  0.99211824 1.0948967  0.97402185 0.9592248  0.9489758  0.99255    0.9363116  1.0883126  0.95207804 0.9628593  1.0744915
 0.98096216 0.99737644 1.0135189  1.0096693  0.90391654 1.1557715  1.0587857  0.9489558  0.950342   1.0692698  1.0469232  0.9209656  0.9528     0.9890967  0.9309861  1.0367433  0.99925005 1.012926
 0.95586115 1.0090294  0.9292036  0.8982833  0.97919685 0.9916844  0.9302573  0.9746024  0.98095846 0.97815144 1.0638468  0.9901148  0.9441245  1.0375024  1.0195904  1.0153425  0.934488   0.9836717
 0.9750369  1.0271763  0.96363485 1.02564    1.04034    0.9410953  0.97736186 0.97050714 0.94817567 1.0415746  0.97072047 0.9280393  1.046778   1.0043939  0.99980897 1.0099889  1.0668899  1.0261383
 1.0055209  0.9391982  1.0447136  1.0586743  0.9862757  0.96181107 0.9975795  0.9541495  0.99046654 0.9730591  1.0611016  1.1507735  1.0126802  1.0031363  1.0218099  0.983851   0.9554029  0.9489375
 0.98609483 1.0363069  1.0702417  1.0108207  1.131614   0.913141   1.0908471  1.0201784  0.97911274 0.9774554  1.0222166  0.91189873 1.0083812  0.8930874  1.0033566  1.0488838  1.0581656  0.98040074
 1.0363531  1.042881   0.94374806 0.9740898  1.0446239  0.90162885 0.96337306 1.0200828  1.0275085  1.0225912  1.0124184  0.9922953  0.9088662  1.0410417  1.1885027  0.9651526  0.96651596 0.9521748
 0.96766514 0.97362995 1.0689995  1.0416464  0.96881324 1.0119529  1.0455868  1.0143219  0.9808883  0.9593697  1.0176171  0.9126709  1.0153061  0.9308008  0.92971087 0.9793775  1.1363648  1.0492628
 0.9546305  1.1871784  0.98843145 1.0829688  0.9984837  1.1184897  1.0083045  1.0605685  1.0474844  1.1146116  0.93913734 1.0429549  1.0129355  1.0514871  0.89949125 1.0871389  0.90826887 1.0165268
 0.96586335 0.95926255 1.0011902  0.969124   0.9936051  1.0005054  0.99551463 0.99417347 1.0126607  0.88033885 1.061686   0.95495653 0.9788648  1.0851828  0.94319266 1.0004077  1.0738529  1.0159982
 0.98631465 1.0327653  0.9569393  0.94092226 1.0445125  0.93796855 0.8168841  0.9977183  0.99562657 0.99708307 0.92040986 0.9899421  0.9302959  1.0173174  0.93491995 0.99479395 0.9288997  1.0531555
 0.933776   1.0348847  1.0216311  1.0180588  0.964082   1.0232619  1.0390631  0.9859503  1.0834217  0.9198581  0.9703164  1.0293465  1.0144583  0.92314696 1.0283338  0.9975321  0.9424354  0.9544086
 0.9614066  1.0268404  1.018817   1.060203   1.0196931  1.036723   0.87045544 0.97676885 0.9340822  1.1025155  0.9915784  0.9889306  0.96980226 1.0678828  0.95095766 1.2054336  0.96378195 1.0737033
 1.0221715  1.0178424  1.0509133  1.0459135  1.0227798  1.0317215  0.98017657 0.9357213  0.9359346  0.8968041  1.0783409  0.91068035 0.9702443  1.0608659  1.0679429  1.0996203  1.0300853  0.99768656
 1.0119509  0.9927598  1.028973   0.99023914 1.0052444  1.0696689  0.8962393  0.9842732  1.0341367  0.89291495 0.9965176  1.0382001  0.9875288  0.8793857  0.99420244 1.02287    1.0333028  0.9826633
 0.8483715  0.9193022  0.92525357 1.0257295  0.9036032  1.0975671  1.0334145  0.9671372  0.97638315 0.88104844 1.0106995  0.999863   1.0930389  1.1299218  1.0083771  1.0502627  0.94854504 0.9270448
 1.0330482  1.0096761  1.0592016  0.9266444  0.92844635 1.0390224  0.99125564 1.0785704  0.9257822  1.0780615  1.0675764  1.0447941  1.0384209  1.0547379  1.0153006  0.97348493 1.034549   0.93352324
 0.9698062  1.0252255  1.0138763  0.9685116  0.91579396 0.970026   1.0815961  0.9532606  1.0170466  0.94736874 0.94917864 0.93015563 1.0008527  0.9927153  0.96413994 1.0457011  1.1167454  0.9377719
 1.0431925  1.0152097  0.91937304 0.94866353 0.9082298  0.9154295  0.99935675 1.1623666  1.0075277  1.0847576  0.96858907 1.0124145  1.0679934  0.910052   1.0047268  0.9868307  0.895562   0.9689809
 1.0665421  1.0717984  0.9611046  1.0544074  1.0155085  1.0108755  1.0060723  1.0074902
