-5.45891784e-02 -1.04791429e-02 -3.11076967e-03 -4.40640859e-02 -2.13375166e-02 -2.03735474e-03  1.28069660e-03 -5.17592505e-02  3.52775268e-02 -3.74359079e-02  3.99278244e-03 -1.05941696e-02
  6.29945919e-02 -1.30863581e-02 -4.79086675e-03 -7.23749865e-03 -4.46781218e-02 -2.62344629e-03  1.98318232e-02 -1.81278605e-02  9.12960246e-03  8.46230797e-03 -1.28660770e-02  1.15936622e-02
  1.98072270e-02 -6.39673136e-03  6.06746762e-04 -2.52349135e-02 -7.51548039e-04 -2.45129727e-02 -6.35816902e-02  4.76019345e-02 -1.74303781e-02 -3.10600065e-02  7.06540653e-03 -2.53164694e-02
 -5.67855081e-03  1.15435356e-02  1.66589208e-02  2.29338538e-02 -4.06096950e-02  2.97060814e-02  2.90848268e-03 -2.15683342e-03 -3.06584109e-02 -1.77013613e-02 -3.27491993e-03 -1.28766410e-02
 -4.08513881e-02 -5.35224676e-02  4.70593348e-02 -3.08882874e-02 -9.42420011e-05  1.99877024e-02 -1.86694823e-02 -1.63928121e-02 -3.74558903e-02 -4.80192006e-02  5.39591722e-03  1.01722023e-02
 -3.46346758e-02 -1.45948222e-02  2.71626860e-02  1.81793496e-02 -4.20163246e-03  3.35980137e-03 -5.39571457e-02 -2.64060106e-02 -1.71873327e-02  1.69620495e-02 -1.34451955e-03  4.05088998e-02
  2.86584590e-02 -5.79703450e-02  1.26776388e-02 -3.73280719e-02  1.90876722e-02  7.35529438e-02 -4.10047844e-02 -2.64626835e-02  3.83498613e-03 -2.36864332e-02  1.19590117e-02 -1.68760102e-02
  2.16906723e-02 -2.31012087e-02 -4.53179069e-02 -1.10038668e-02  1.42521812e-02 -1.64377000e-02 -1.41692664e-02  8.02468322e-03  3.75649557e-02 -3.77784506e-03 -8.52832384e-03 -4.41062311e-03
 -3.48818563e-02  2.88003571e-02 -7.66362436e-03 -1.27364844e-02 -2.41894135e-03 -3.12799774e-02 -1.89901572e-02 -1.20516801e-02  1.27368579e-02  4.79259342e-02 -2.07078774e-02 -5.72513938e-02
  5.73826395e-03  1.10589368e-02  1.85798239e-02  5.68325026e-03 -6.05313294e-03 -2.72830874e-02 -2.77403053e-02 -1.64950558e-04  2.33151782e-02 -5.66756204e-02 -2.51456629e-02 -1.06424205e-02
  2.03075390e-02 -6.67632446e-02 -2.13665571e-02 -1.90686304e-02 -1.72938872e-02  3.02936267e-02 -3.39046903e-02 -5.17037660e-02 -2.18757503e-02 -2.72604562e-02 -5.86228725e-03 -8.48621409e-03
 -2.44511804e-03 -5.05002849e-02 -4.23660539e-02  8.64085928e-03 -4.96218614e-02 -1.97051205e-02 -8.67403019e-03 -4.01698344e-04  6.94325194e-03  6.30229264e-02 -4.24881130e-02 -9.05682519e-03
 -3.16567086e-02 -2.07940321e-02 -4.06865515e-02 -3.28335501e-02  3.79703031e-03 -1.77982282e-02 -4.64371294e-02 -7.27665797e-02 -3.24447677e-02 -2.70878859e-02  2.04316690e-04  9.36449069e-05
 -8.97918455e-03  1.17205838e-02 -9.42655781e-04  3.75906378e-02 -3.29222195e-02 -7.89328851e-03 -1.59658622e-02 -2.35079564e-02  1.96030345e-02  2.27671838e-03  4.10751365e-02 -3.92866433e-02
 -2.84035839e-02 -7.52537744e-03  1.75197572e-02  1.64804831e-02  9.93186049e-03 -1.91579089e-02  1.31037151e-02 -1.97407529e-02  2.63438635e-02 -1.88845769e-02 -4.89322655e-02  1.78593174e-02
  3.89155969e-02 -2.21314617e-02 -8.88641085e-03  1.38926096e-02 -4.97163609e-02  4.30156589e-02 -4.77007404e-03 -1.10224551e-02  2.60987394e-02 -1.32324696e-02 -1.93802919e-02 -3.39572951e-02
 -4.74094413e-03 -3.62999015e-03 -5.67815229e-02  1.12565802e-02 -3.07273511e-02  3.05112842e-02  2.30670720e-03 -5.52157648e-02 -3.90452817e-02 -4.63985503e-02 -3.11013451e-03 -1.35736242e-02
  3.16402200e-03 -1.39118088e-02 -3.81328575e-02 -1.70385968e-02  3.09229903e-02 -4.48700506e-03 -2.49833856e-02 -5.05746752e-02 -1.00021726e-02 -5.73081896e-02 -5.91620803e-02 -3.12316362e-02
 -1.55559918e-02  1.45800225e-02 -1.55065106e-02 -1.28458450e-02  1.63249131e-02 -6.30023628e-02 -3.94519754e-02 -1.27119320e-02 -4.09865798e-03 -1.06656842e-03 -5.92627469e-03 -5.91754578e-02
  2.23279167e-02 -2.21448820e-02  4.58466297e-04  1.32291792e-02  4.84981202e-03 -6.45914674e-03 -8.02527822e-04  1.40973122e-03  9.12649184e-03 -5.07544242e-02  1.40415439e-02  1.72386561e-02
 -4.33417857e-02 -2.10784767e-02 -3.87386195e-02 -3.45712565e-02  1.68781932e-02  2.37600617e-02  1.19836703e-02 -8.57094768e-03 -8.85117985e-03 -2.64405310e-02 -2.46545915e-02 -6.25032783e-02
  1.64335370e-02  1.90587938e-02 -5.69044016e-02  6.39512017e-03  6.63213525e-03 -1.46328239e-02  4.89257928e-03  4.34662402e-02 -9.58220754e-03 -1.86990835e-02 -1.08582824e-02 -1.34876538e-02
  1.12309866e-02 -5.48890606e-02  8.59739550e-04 -3.21066449e-03  2.04159855e-03 -2.85605006e-02 -3.50413732e-02  1.58919320e-02 -3.03386652e-04 -1.92571692e-02 -4.67811450e-02 -1.50353014e-02
  8.38391576e-03 -7.47665670e-03 -2.17656754e-02  3.19265835e-02  1.30003167e-03 -4.52544764e-02 -1.48298172e-02 -1.74364988e-02  3.19453180e-02 -2.58850902e-02 -1.13071883e-02 -3.09768487e-02
 -2.10606996e-02 -2.75430251e-02 -5.70444688e-02  2.85026152e-02 -2.37914757e-03  1.26429498e-02 -5.17977700e-02 -2.72530001e-02 -2.36146543e-02  1.45306420e-02 -3.49612832e-02 -2.20464468e-02
  1.99015765e-03  1.20514687e-02 -6.00674674e-02 -1.80411171e-02  4.20035385e-02  5.10876477e-02 -6.20267875e-02  1.15882307e-01  1.04163503e-02  5.74497953e-02  1.14241373e-02 -1.31585458e-02
 -2.98943445e-02  2.48072352e-02 -1.37366354e-02 -1.99145228e-02 -4.10386920e-02 -5.33244088e-02 -1.64686367e-02 -1.05911400e-02 -2.80602407e-02  3.24011929e-02 -9.01498180e-03 -1.66856013e-02
  1.10398326e-02 -2.19189562e-02 -3.12697701e-03  8.81830789e-03 -2.80828186e-04  2.31461618e-02  8.86154361e-03  2.34672315e-02  1.07415710e-02 -3.45881134e-02 -2.50749178e-02 -4.38518561e-02
  2.20492259e-02  1.95495300e-02  3.38638760e-02 -4.53935098e-03 -2.48401463e-02  2.84277983e-02  5.28418571e-02 -1.04380317e-01 -2.57860757e-02  2.87754256e-02 -1.97278708e-02  2.63499795e-03
 -6.79176953e-03 -9.64699499e-03 -2.05269214e-02 -1.61761064e-02 -2.18288992e-02 -2.31032390e-02  1.38436016e-02 -6.49998477e-03 -4.91519272e-02  2.49183849e-02  1.01861311e-02 -3.61160971e-02
 -5.38524576e-02  4.09058481e-02 -1.00274170e-02 -2.45894343e-02 -2.95199454e-02 -7.39452057e-03  1.58373155e-02 -1.69822164e-02  1.30099244e-02 -1.50315640e-02 -8.37032031e-03 -1.27200680e-02
 -3.67470160e-02 -4.47364412e-02 -2.56896019e-02  3.56511287e-02  1.05092125e-02 -2.65297317e-03 -5.60442284e-02  1.54414643e-02  7.61774718e-04  1.37293115e-02 -3.41998152e-02  8.81798856e-04
 -3.08022927e-02  6.17230264e-03  8.60039890e-03  3.95616516e-02 -4.18652184e-02 -3.10144331e-02 -3.15175280e-02 -1.52671838e-03 -4.35631908e-02  1.90497320e-02 -6.82467148e-02 -1.19368825e-02
 -1.14247156e-02 -1.74270384e-02 -4.15627146e-03  7.90387951e-03 -3.44356373e-02  4.83416952e-02  1.22652743e-02 -1.47871077e-02  3.47006979e-04 -4.83431071e-02 -5.66889183e-04 -3.24580483e-02
  3.30361887e-03 -1.84509624e-02 -6.37176866e-03  1.79596979e-03  2.41556186e-02  1.15776248e-02 -2.32924353e-02 -2.45121643e-02 -5.58288284e-02  5.77952433e-03  4.52655144e-02 -1.39760482e-03
  4.41630092e-03 -4.11956683e-02  2.13300865e-02 -1.52820647e-02  2.14300659e-02  9.87122115e-03 -7.57491291e-02 -7.25997426e-03  5.04933894e-02  1.73463710e-02  6.53905468e-03 -2.82242559e-02
  1.31132100e-02  3.67264487e-02 -3.39214839e-02  2.83148605e-02  2.85459422e-02  7.80294510e-03 -4.85319048e-02 -4.23369408e-02 -3.65746804e-02 -4.46861684e-02 -1.74806546e-02 -2.78879683e-02
  4.23546322e-02  4.61366633e-03 -3.52544449e-02  2.72218846e-02 -2.20800824e-02 -3.35284099e-02 -1.48455538e-02 -1.83976418e-03 -1.35824671e-02 -4.94318046e-02 -4.10756096e-02 -1.85277630e-02
 -6.36168867e-02  2.46924553e-02  3.07944659e-02 -2.45039780e-02 -4.45890352e-02  2.18274686e-02  1.92854311e-02  2.33361567e-03  3.91200744e-02 -5.61435521e-02  3.29450257e-02 -5.46786189e-02
 -1.83970351e-02 -1.97161995e-02 -3.41716746e-04 -5.42318262e-02 -3.90812568e-02 -2.91882996e-02  2.04459839e-02 -1.17469421e-02 -5.36621362e-02 -9.01236478e-03 -5.16634956e-02  8.38416349e-03
 -1.96627080e-02 -2.28961986e-02 -1.43086948e-02  1.28878225e-02  1.91964749e-02 -3.93558443e-02  1.22812372e-02 -5.20075895e-02 -3.19823693e-03 -2.20823195e-03 -3.11097596e-02 -5.97127341e-02
  9.52421408e-03  4.64665256e-02  1.80247817e-02  9.18661710e-03  2.21330766e-02 -4.94359434e-02  1.17091006e-02 -1.01486789e-02 -6.13621250e-03 -1.02903498e-02 -8.49031750e-03 -2.46784650e-02
  5.70375472e-03  8.90515000e-03 -5.26136495e-02 -2.80221533e-02  8.56475253e-03 -3.19477054e-03 -2.61664335e-02  4.12075594e-02
