0.32649028 0.40988094 0.2548026  0.23990577 0.21499139 0.3664876  0.30066293 0.32911596 0.58795565 0.22939427 0.3233115  0.21883655 0.4294169  0.3210949  0.30257317 0.4012209  0.2952266  0.33459163
 0.4804944  0.24049604 0.38205725 0.30637762 0.30054525 0.39130867 0.45547122 0.25529292 0.2686101  0.21310985 0.40300518 0.25330654 0.1896497  0.36559057 0.28867435 0.23352131 0.32576844 0.22876902
 0.35258594 0.28085157 0.29655996 0.2962951  0.25033522 0.3030143  0.27427778 0.1633246  0.23775695 0.33839062 0.28400692 0.22738987 0.32048976 0.24465397 0.33379295 0.24197808 0.38478348 0.27858746
 0.25906083 0.30125538 0.43146634 0.31214336 0.30759713 0.30292276 0.31330112 0.32388547 0.33118534 0.36903402 0.25984812 0.26590544 0.34009564 0.47178075 0.37902084 0.37750408 0.29443645 0.2824536
 0.40771416 0.20611912 0.42642567 0.28252426 0.36582384 0.36840218 0.2988473  0.27599382 0.26756328 0.39116117 0.2985955  0.22573484 0.35904756 0.2757841  0.24664082 0.24527353 0.3005933  0.25620374
 0.26072195 0.25519678 0.6611363  0.27059308 0.3634821  0.42801362 0.2070563  0.25491655 0.2443319  0.26592422 0.45435667 0.25521713 0.22388372 0.43032593 0.4236832  0.47117317 0.4213995  0.28984314
 0.29158485 0.25546044 0.49803728 0.45041817 0.29727548 0.49289295 0.2567622  0.28856704 0.30653238 0.27957764 0.39288104 0.1677785  0.36365426 0.25351644 0.34026486 0.26752737 0.3562047  0.3554678
 0.2948691  0.2860197  0.3516471  0.3464611  0.32685977 0.30409527 0.30850926 0.2241183  0.28210595 0.29434353 0.24260288 0.24700598 0.31715396 0.33141562 0.36827314 0.3600917  0.28592482 0.23953924
 0.46091887 0.37916866 0.2672844  0.21325232 0.29572603 0.25986972 0.24470665 0.26213953 0.28574976 0.26944453 0.28841835 0.23297893 0.31084824 0.40029013 0.287525   0.42489648 0.26227805 0.17373225
 0.404285   0.38106838 0.2818824  0.30867425 0.53356093 0.25977665 0.30976474 0.2796237  0.43414408 0.28996983 0.22517562 0.30528328 0.25605989 0.2891829  0.45754606 0.29582855 0.36109138 0.36550543
 0.33233672 0.25122696 0.42561528 0.3276037  0.22843836 0.3675368  0.31182453 0.3036847  0.34158644 0.38431734 0.2487767  0.32280338 0.25319743 0.25750056 0.24363181 0.28384268 0.2754556  0.32953727
 0.30122873 0.2538254  0.17465031 0.30777377 0.28167495 0.38528624 0.1987549  0.17608306 0.2639392  0.23883426 0.3164794  0.30770183 0.26012203 0.32715863 0.24070957 0.24440113 0.25404063 0.22646646
 0.22933695 0.3617943  0.36614367 0.2654755  0.1961776  0.23379189 0.21174143 0.27439657 0.2370657  0.26293778 0.35200515 0.2962443  0.3986094  0.2744554  0.24042794 0.38495156 0.3183788  0.30807444
 0.24134831 0.38338783 0.21538387 0.31462917 0.33780444 0.3277426  0.30950493 0.250538   0.2759552  0.26950765 0.31842172 0.44507778 0.3508556  0.28233224 0.44831115 0.25654945 0.25058123 0.20230351
 0.36124256 0.5011574  0.3662376  0.26708454 0.33351365 0.2759754  0.25224382 0.22631125 0.24583997 0.31384388 0.2783371  0.39034095 0.3358068  0.26864985 0.30712727 0.4860161  0.40396804 0.22690286
 0.2706134  0.34414405 0.38624343 0.24008086 0.29563075 0.3099101  0.38024703 0.4159052  0.2881261  0.22851649 0.42950982 0.27642372 0.3120928  0.27461335 0.48663175 0.29545155 0.33414352 0.24300183
 0.39808822 0.25371042 0.2945416  0.2961128  0.31606403 0.3464745  0.24023488 0.24549088 0.2774344  0.32649165 0.25698167 0.2695698  0.35992298 0.24131827 0.35830015 0.19050325 0.37183523 0.34827024
 0.23110822 0.37902945 0.22800994 0.33525395 0.32604674 0.37556964 0.26331148 0.29761824 0.26284733 0.37596646 0.41065195 0.33030698 0.30607265 0.3606673  0.25475726 0.28339258 0.21431257 0.43799052
 0.3911801  0.29157397 0.2926125  0.34640014 0.29567274 0.34518027 0.3169107  0.30610487 0.2856381  0.30236545 0.2872798  0.23377393 0.30061162 0.43185917 0.28188595 0.23278639 0.37387848 0.26794142
 0.29873624 0.25943068 0.330079   0.24081412 0.39544806 0.30737174 0.28999242 0.38539726 0.35792783 0.397725   0.4137137  0.24620128 0.25832182 0.2765247  0.18484186 0.29750744 0.28396714 0.27285552
 0.33162856 0.34894314 0.33309516 0.35828272 0.2783852  0.47201088 0.28119925 0.34938762 0.36190584 0.2869534  0.32282522 0.5034864  0.41484803 0.20200704 0.28121114 0.30531365 0.33986488 0.29970738
 0.20877458 0.38331178 0.27540928 0.31159565 0.47788584 0.311695   0.26269045 0.3766765  0.32823697 0.27372512 0.21911164 0.40643403 0.5582826  0.31233937 0.22807574 0.4116613  0.27788177 0.37192443
 0.25276098 0.30476916 0.27857605 0.33254066 0.43643948 0.28592134 0.30276528 0.34446225 0.35278165 0.2177335  0.33078387 0.29267475 0.32799515 0.30899885 0.3602809  0.27231142 0.3167382  0.4236028
 0.28901878 0.33684406 0.36075914 0.23697275 0.3294113  0.34771392 0.26582417 0.28977355 0.41113764 0.2996019  0.37228736 0.27512968 0.21798033 0.3148799  0.28307775 0.2893537  0.28499776 0.3620561
 0.22233291 0.26833534 0.28398412 0.5030824  0.38127828 0.46756947 0.28090772 0.24550411 0.5792683  0.3586284  0.32615215 0.34399602 0.49545485 0.38624933 0.24251035 0.30674818 0.3142     0.2896344
 0.4389243  0.391772   0.44814563 0.25004548 0.20679455 0.295216   0.2502735  0.28610563 0.32485044 0.2976892  0.29214728 0.27778983 0.3974067  0.3159853  0.23535912 0.28981394 0.3305778  0.28383073
 0.33305845 0.22103797 0.30722737 0.26110908 0.2341316  0.26471436 0.39002565 0.2541145  0.25208455 0.30105257 0.24578778 0.24300745 0.26737875 0.25577876 0.25029433 0.36204496 0.4714883  0.33889893
 0.31849033 0.2675109  0.28359815 0.29199925 0.3796046  0.3649738  0.26903522 0.37331265 0.42224967 0.32598838 0.3273409  0.45321253 0.26224723 0.32158625 0.2693435  0.26437637 0.22499105 0.24336119
 0.36525494 0.28432733 0.30092248 0.29369068 0.28827137 0.29953527 0.35936388 0.34134775
