0.5900279  0.4206153  0.60687363 0.49448723 0.44452566 0.47541144 0.5943204  0.5431925  0.46311155 0.35968354 0.48187914 0.33324572 0.4816281  0.39449292 0.46864408 0.6148387  0.7641638  0.56681466
 0.33688524 0.39919543 0.4323727  0.6687169  0.31542712 0.67390597 0.46275932 0.34905884 0.6000164  0.4960293  0.22374737 0.6302678  0.40172908 0.54234844 0.54893476 0.38880497 0.56655276 0.49529016
 0.45286572 0.50495994 0.4182758  0.5550226  0.288877   0.42387047 0.4199811  0.4566509  0.30996752 0.49607944 0.33880085 0.49144262 0.7474819  0.62014085 0.5258901  0.2906119  0.35888225 0.41848105
 0.2620443  0.39287916 0.35516348 0.3422337  0.26796398 0.5309255  0.39771777 0.42133272 0.7809208  0.33535752 0.50587225 0.3188596  0.4665943  0.38035518 0.4799493  0.5938691  0.62728256 0.49308485
 0.4792655  0.53137606 0.5028829  0.26992255 0.40689418 0.45041233 0.5677414  0.4105368  0.33742875 0.44061682 0.47400367 0.4789162  0.5184636  0.59809005 0.6784088  0.57523924 0.56726396 0.6562236
 0.49450028 0.56174284 0.49917173 0.50095093 0.31709236 0.547531   0.72520816 0.43761343 0.47878003 0.3494518  0.38846132 0.1735748  0.69407004 0.68590635 0.4282817  0.5443472  0.21379557 0.33256385
 0.5050275  0.65560263 0.52623004 0.5187231  0.447938   0.3326137  0.5222594  0.53957367 0.49154747 0.56856686 0.39657435 0.513681   0.52016705 0.46225438 0.10681123 0.44253975 0.4231384  0.49287823
 0.5834831  0.4853933  0.5120071  0.62500596 0.62601656 0.60147977 0.45817763 0.4884845  0.6814993  0.41122943 0.43652833 0.5900081  0.3528144  0.08109832 0.45547307 0.52752596 0.40504956 0.42116025
 0.4395618  0.65072644 0.46190694 0.4691443  0.34089115 0.4453657  0.31349605 0.47700715 0.48147345 0.42159393 0.458133   0.45025948 0.2966726  0.43314168 0.52247876 0.6162471  0.68637204 0.41584978
 0.40426305 0.34670675 0.54755056 0.34037763 0.50537497 0.41450942 0.4232074  0.35653743 0.41702226 0.4786846  0.5242212  0.6614735  0.30307472 0.6215939  0.5865343  0.5291512  0.37218577 0.20629257
 0.19654912 0.41648194 0.46030673 0.5346     0.57062304 0.29171103 0.69032526 0.46442747 0.5125661  0.56687325 0.31997782 0.5317465  0.7003404  0.49073133 0.5800102  0.37264535 0.4645197  0.48955953
 0.496539   0.48888603 0.38271356 0.4009545  0.95457697 0.24607775 0.51153666 0.51385427 0.32968676 0.36923438 0.5646919  0.52647114 0.35239196 0.47940648 0.46234077 0.39661267 0.37448186 0.4839577
 0.29089135 0.34393078 0.4429075  0.6115347  0.7254796  0.7023455  0.34523806 0.50249445 0.5224492  0.5585095  0.39988217 0.5191341  0.44418934 0.55504346 0.5275162  0.51969045 0.34368783 0.52851367
 0.4603572  0.3779265  0.55533797 0.40926656 0.5601191  0.45467976 0.6408474  0.59823626 0.69013363 0.44451204 0.28716752 0.56598455 0.47590607 0.43377104 0.42840934 0.34075728 0.33793488 0.39182472
 0.52328753 0.34388444 0.21787317 0.43422532 0.58286804 0.562383   0.47835794 0.4510446  0.44897428 0.55568856 0.31199053 0.52610093 0.48886266 0.540642   0.84545255 0.36265376 0.5580963  0.30232123
 0.46044767 0.47971395 0.45179456 0.41558912 0.57732457 0.29892367 0.5957489  0.5024603  0.4975673  0.48971924 0.4255428  0.5470999  0.51155865 0.32284617 0.5744588  0.40030116 0.41808662 0.4032477
 0.5112901  0.57010734 0.53588355 0.69401795 0.3275841  0.3246526  0.40147948 0.37080434 0.35715705 0.4114495  0.5451465  0.2529824  0.1368148  0.40435725 0.72393423 0.49143007 0.42892876 0.52960116
 0.55848354 0.53784394 0.4618305  0.40954116 0.5772826  0.42471343 0.39852583 0.79049915 0.5949522  0.5388378  0.41389957 0.42192358 0.5429311  0.33012065 0.39936614 0.4235052  0.37706226 0.31071517
 0.36572158 0.44536805 0.44910327 0.6998898  0.4735471  0.7158728  0.7074867  0.32249236 0.29588622 0.46475115 0.29157463 0.5542402  0.5258174  0.40197414 0.39146236 0.6160098  0.54790145 0.48004943
 0.5132066  0.3539934  0.33364484 0.5278366  0.2928911  0.50337756 0.3572406  0.3696267  0.15909837 0.40286028 0.5170842  0.5772911  0.29347765 0.5456216  0.61431587 0.4473964  0.41247565 0.51114184
 0.4408261  0.52314824 0.6529672  0.58113736 0.38338062 0.43308362 0.5702277  0.35416076 0.79483    0.5553721  0.67355305 0.42843637 0.3949458  0.5231124  0.6044811  0.5362426  0.3391908  0.49410555
 0.6578308  0.4284414  0.63970137 0.5653336  0.33429626 0.2946684  0.43674332 0.6641915  0.4410527  0.50914073 0.4108834  0.3543161  0.42895797 0.4674405  0.423333   0.4422774  0.48314154 0.5310159
 0.42211866 0.37514514 0.6371084  0.49073738 0.3969154  0.433016   0.3136107  0.07345912 0.4473532  0.5866349  0.38395438 0.5121718  0.5251436  0.4230321  0.28381002 0.44494826 0.49269333 0.41362366
 0.60605985 0.3391219  0.6416104  0.39486158 0.42513326 0.71363366 0.6039434  0.33074814 0.4578233  0.44840553 0.5020453  0.4166285  0.82807726 0.50995076 0.49466792 0.5637723  0.41371757 0.3645015
 0.5169834  0.65820163 0.42190546 0.6472412  0.5081102  0.41088817 0.31091192 0.4463798  0.52831686 0.61542344 0.4045987  0.25208572 0.52968687 0.62272996 0.5374227  0.38440907 0.1568211  0.5872069
 0.57097644 0.5678877  0.41450262 0.36153015 0.256377   0.3449772  0.11403773 0.23253292 0.5442197  0.16220242 0.37432128 0.51228213 0.57718986 0.82859147 0.43161246 0.33782476 0.4558834  0.40126497
 0.44690523 0.40612018 0.39459443 0.08943121 0.49146426 0.5012249  0.2889452  0.4906956  0.3682995  0.6613122  0.61999667 0.47147354 0.46353814 0.73006725 0.4599196  0.4886176  0.46082053 0.40140343
 0.31309074 0.43582344 0.489184   0.5728604  0.49096584 0.64395857 0.5542939  0.44038147 0.4626385  0.42559934 0.4544072  0.49670753 0.6273112  0.49336022 0.40732193 0.49025184 0.65962434 0.49124464
 0.3094722  0.2972135  0.3622418  0.4580739  0.5516884  0.73780984 0.5436928  0.48483038
