0.98078233 0.97365147 0.95254344 1.0294902  1.024914   1.079793   1.0185674  1.0652661  1.0177052  0.95306224 1.0646844  0.97708774 1.0409935  0.99494654 1.088467   1.0200704  1.0821918  1.0560865
 0.9758401  1.0002728  0.9736162  0.9603428  1.0188818  0.97588915 0.9630168  0.8882005  0.98090863 0.99863917 0.9047655  0.96980953 0.98449326 0.9937706  1.015537   0.960468   0.9561062  1.0279056
 0.9859565  0.9946063  0.9895402  1.0195769  0.93993795 1.0584396  0.980563   0.9843514  0.985696   0.93713945 0.96549344 0.9704545  1.0039265  0.96573126 0.9563512  0.9779611  0.895227   0.967576
 0.9562544  0.983716   0.9737809  0.9393917  0.99219406 0.9674712  0.98890257 1.12017    1.0252959  1.1135585  1.0259299  0.9495672  0.9991455  0.9720968  1.0495709  1.0305178  1.0095336  0.99537164
 0.9855226  1.0002108  1.0145493  0.9406888  0.9445979  0.97342265 0.98210025 0.93031466 0.9421378  0.9698749  0.94925326 0.9721118  0.9652524  0.92164093 0.9938244  1.0296229  0.95980793 0.99405545
 1.0082473  1.0327373  0.9975087  1.0627663  1.0366651  1.0302685  0.9919712  0.9925255  0.9913573  0.9468291  0.9944591  1.0265123  1.0396814  1.0210938  0.9762406  1.057101   0.9442797  1.026899
 0.9509365  1.0499914  0.95975786 0.93746006 1.0129354  1.0181328  1.028302   1.00436    1.0254699  0.9617176  0.96723217 1.0690076  1.0356038  0.9738586  0.988672   0.97459924 0.98122597 1.0436814
 1.0289544  0.99954665 1.0957568  0.9696932  0.9890964  1.0283278  1.0170084  1.1654218  0.99373305 0.9904641  0.96543574 1.0608823  1.0057635  0.9496504  1.0107931  1.0015367  1.0441625  1.062638
 0.9717439  1.0055027  1.0974416  1.0012791  0.9264761  0.9869533  0.9989655  1.0283396  0.96880674 0.98738474 1.0236152  1.0196662  1.0492483  1.0462942  1.0608791  0.9884206  1.0627563  1.023552
 0.98639154 0.9603971  1.0701092  0.9940676  0.88415545 0.95749265 0.9854682  0.9175977  1.0172949  0.9842046  0.9327969  0.964642   0.979121   0.9094766  0.9681696  0.9577386  0.987723   0.9364274
 1.011271   1.023803   1.044303   0.98079914 1.0342079  1.0014775  1.0254691  0.968908   0.9949448  1.0162759  0.9859238  0.8909033  1.0910407  0.94026697 1.0433116  0.9569395  0.9933367  0.9977762
 0.91457105 0.96821594 0.99605    0.9872219  1.0117917  0.9676129  0.94800234 1.0012374  0.94092184 0.9822017  1.0665344  1.0059398  0.94786876 0.939564   1.0403433  0.9822388  0.93048835 0.9765839
 0.9666892  1.0160635  1.0161886  1.0182037  0.9698709  1.0352745  0.9973932  0.9598591  1.0937866  0.9495658  1.023698   0.94333297 1.0117439  0.97553116 1.006065   1.008738   1.0276543  1.0430228
 1.0238551  1.0573245  0.9889614  0.93524945 0.9621314  0.9313984  1.0275552  0.96366423 0.9393918  1.0558378  1.031244   0.8836058  1.0786223  1.1035622  0.950043   0.9730217  1.005561   1.0875231
 0.9218434  1.0084827  0.9680872  0.9978628  0.973665   1.0555611  1.0495548  1.0524932  0.9692211  1.0426048  1.018721   1.0323045  1.0826991  1.0784769  1.1245089  0.9594952  0.9704479  0.9846005
 1.0011053  1.026474   1.0103997  0.997489   1.046393   1.0220754  0.98996425 0.95499843 0.98765504 1.0958632  0.9976856  1.0631186  0.9375688  0.933632   0.94204044 0.97060347 1.0585757  0.9037328
 0.93583405 0.96397775 1.0224694  0.9575982  0.9934146  0.9748979  1.0411993  1.0170231  1.0797125  0.9361745  1.0119457  1.0812097  0.99956506 0.92583346 1.087143   0.9806345  0.9903745  0.95191276
 1.0039994  0.9805932  0.98569643 0.9922258  1.0854875  0.9502749  0.9769612  1.0674964  0.9579724  0.892984   0.962368   0.91377366 1.0225854  1.0039661  0.9560627  0.9433135  1.0036172  0.9464141
 1.0733109  1.0105768  1.063157   1.043796   1.0290118  1.0056269  0.98491526 1.0682087  0.9525187  0.9563537  1.0160838  0.99549496 1.011912   0.9553012  0.96139246 1.014671   1.067674   0.937957
 0.9783109  0.9843022  0.96241546 0.91379553 0.95802635 0.97040933 0.9538289  1.0503694  0.94836235 0.9352742  1.0011991  1.017705   1.0319325  0.94659096 1.0215373  0.9904517  0.9854144  0.97770643
 1.1038165  0.99684197 1.0789883  1.0269662  1.0141833  0.93935114 0.99012667 0.99887913 0.983415   1.0262351  0.9845857  0.99118954 1.1177796  0.935426   0.9686819  0.965543   0.99340105 0.991068
 1.0321509  0.98254985 0.9745282  0.98429763 1.0018138  0.9833224  0.94047713 0.9191232  0.9929275  1.033083   1.0140108  1.0491402  1.004417   1.0135999  1.0454737  0.98021287 0.93623406 0.93020636
 0.9601175  1.0008419  1.0489545  0.9851681  0.98888093 0.9152584  0.9298431  0.91890234 1.0194368  1.0165159  0.9583544  1.0383481  0.94761485 1.0550935  1.0060388  0.9063244  1.0261587  0.9707334
 1.0555296  0.9788998  0.97853905 1.0254271  1.0472481  1.0096711  0.97802454 1.0267649  0.9751568  1.0470268  0.9785261  0.9583218  0.96249586 1.0601367  1.0261035  1.0294855  1.0499808  0.96286166
 1.0302113  0.944511   0.95572454 0.9744115  0.98125255 1.028505   1.0093707  1.0211504  1.0898342  1.0190152  0.99154854 0.9841109  0.97042984 1.0041153  0.99176484 0.9971573  1.0195152  1.0750705
 1.0341164  0.9470496  0.9593435  0.9478853  0.9848239  1.0812665  0.9603129  1.055669   0.9612572  1.0248086  1.0071893  0.97463    0.98411804 1.1443402  0.95542514 1.017037   0.9909591  0.9860293
 1.0236301  1.0821683  0.91736597 0.96174395 0.9712456  1.0024023  1.0129834  1.019866   1.0676489  0.97239995 1.061287   0.98841345 1.0500824  1.0293512  1.0131018  1.0053164  0.9963449  0.9809983
 1.0033582  0.96085554 0.95503074 0.9795933  0.9473221  1.023854   1.0552806  0.98690987 0.91085184 1.0126401  1.018322   0.9753511  1.0163631  1.0027039  0.8778433  0.9708084  1.0354105  1.0183955
 0.9838662  0.98696    0.98741925 0.96926475 0.99411094 1.1094397  1.0106025  0.92101 
