0.05747577 -0.02064901 -0.11541606 -0.03183519 -0.06708973 -0.05506505 -0.02675879 -0.03672228  0.02643557 -0.03050395  0.03689611  0.08520249  0.04598324 -0.1409581   0.0215933  -0.0737384
 -0.13425818 -0.02938688 -0.11780982 -0.07390298 -0.01985394 -0.04383359 -0.14649396 -0.09858754  0.02255163 -0.09831094 -0.12293642  0.01374    -0.00311636 -0.06487436  0.07183877 -0.03493472
  0.04110412 -0.11551487 -0.01754038 -0.03446851 -0.03544568 -0.02881405 -0.08372775 -0.02399493  0.06979135 -0.04115659  0.02703527 -0.00101376 -0.02496999 -0.06362132  0.09750175 -0.02329377
 -0.04816962  0.00401707 -0.0539443  -0.01086169 -0.02942863 -0.20182878 -0.07583558 -0.03187936 -0.0438545  -0.13228938 -0.01841806 -0.11916327  0.02544777 -0.00425237 -0.00623084  0.02308112
 -0.0247919  -0.14338869 -0.03309294 -0.04251119  0.06645565  0.10288332  0.07785653  0.00243227 -0.02659495 -0.07391676 -0.05990306 -0.03913253  0.03716167 -0.03911405  0.00804903  0.01468772
  0.05399405 -0.06732041 -0.09802449  0.06570825 -0.02746728 -0.0492498  -0.10769325 -0.04542577 -0.04918631 -0.10804232 -0.03902843  0.05047351 -0.09452288  0.0010989  -0.06079668  0.04777246
  0.03410809 -0.03558701 -0.01158341  0.04939742 -0.00373542 -0.04835762 -0.14704338  0.0472496   0.04241527 -0.03213762 -0.02898805 -0.05042292 -0.12161908 -0.04488973 -0.15236756 -0.03832741
  0.00053837  0.05058948 -0.10410284 -0.03608384 -0.05411347  0.00328257  0.06827576 -0.08504989  0.01465281 -0.10220475 -0.01381609  0.01914392 -0.08889291 -0.05393048 -0.10926484 -0.02175361
 -0.10591609 -0.01974797  0.0585673  -0.01625231  0.02073186  0.14954965 -0.10771788 -0.04033305 -0.01391363  0.03697561 -0.04892682  0.0522796   0.00090107 -0.08754373  0.08711157  0.01161698
 -0.10229214 -0.05888687 -0.00105642 -0.07685587 -0.026508   -0.12269515 -0.13364464 -0.04357266 -0.01146127 -0.05070343 -0.04106922 -0.02358333 -0.10865413 -0.02576767 -0.10987274  0.00200358
  0.01230739  0.08121109 -0.17517632  0.04907405  0.08068369 -0.0225852  -0.05505796 -0.04491533 -0.01720442 -0.02079145  0.00785324 -0.04751016 -0.073603   -0.09791046  0.10705845 -0.06452762
 -0.05478577 -0.06996233  0.05908889 -0.0218157  -0.0238233  -0.01863898 -0.04470142 -0.10953485 -0.07181217  0.06061468  0.03438786 -0.06452236 -0.03550673 -0.11693768  0.06521621 -0.05467447
  0.07565487 -0.0187113  -0.08811709 -0.04154037  0.00510448 -0.01247286  0.02957551  0.07061793  0.08022639 -0.04288191  0.02647466 -0.00200723 -0.05575647 -0.09714226 -0.07158162 -0.01876887
 -0.01260094  0.01987488 -0.10734354 -0.03940662 -0.01473393 -0.07924664 -0.05344494 -0.05281488 -0.01029503 -0.04149066 -0.07967762 -0.06195106 -0.07774562  0.03566932 -0.01257457  0.01348701
 -0.01304379 -0.00060968 -0.05748129 -0.12564972  0.01035856 -0.10519055  0.04694673  0.04511804 -0.04840532  0.03005376 -0.07998039 -0.01532599 -0.06040654  0.03371705 -0.08622164  0.08032278
  0.06053921 -0.03306291 -0.10011683  0.07253829  0.04287431 -0.03267247 -0.09067632  0.01606263  0.03365314 -0.03081686 -0.07912372 -0.02263518 -0.08956781 -0.05115499  0.05033834 -0.00557148
  0.05442163  0.042736   -0.00846524 -0.06777979 -0.05522514 -0.01108577  0.04565341  0.01075472 -0.05536463 -0.00923211  0.03032181 -0.00518486 -0.00446327  0.03428392 -0.05308031 -0.06284489
 -0.08086021  0.01552559 -0.07201809  0.03413946 -0.02517163 -0.0270333   0.04044885 -0.07061437 -0.07309738 -0.07674886  0.00829718 -0.05964542 -0.0517136  -0.08858602 -0.01685593 -0.07897297
 -0.08691491 -0.00329709 -0.0484273  -0.04542654  0.04343183 -0.0450533  -0.05210011 -0.09760859  0.15373604 -0.00782731 -0.03966967 -0.00093292  0.04357337 -0.08770961 -0.05625561 -0.05804099
 -0.1371024   0.02338617 -0.02975737 -0.04781845  0.0033995   0.00568538 -0.13562682 -0.11356369 -0.01536793  0.04475304 -0.03115961  0.01993322 -0.1024137   0.06725103  0.00224323 -0.09412329
  0.00700912  0.04298485 -0.07157798 -0.04789303  0.01835895 -0.01746366 -0.1204291  -0.04310833  0.06962904 -0.04150173 -0.06970244 -0.12265702 -0.04720626 -0.00440819 -0.04190117  0.0085241
  0.00030285 -0.07040289 -0.03709627  0.04350613 -0.00273955  0.02151261 -0.11733647 -0.09519638 -0.01462694 -0.06058964 -0.06841905 -0.06431241 -0.11518253 -0.03744358 -0.04426131 -0.04969023
 -0.07241698 -0.04906431 -0.01230057 -0.1099004  -0.06223509 -0.09026769 -0.05034636 -0.03961143 -0.01842934 -0.01942451 -0.02891869  0.07146929 -0.07272831 -0.0721939  -0.02741297 -0.06737559
 -0.02882674 -0.08142154  0.03848097 -0.07453927 -0.06896976 -0.03395023  0.01959831  0.11840485 -0.02424506 -0.08229996 -0.05406859 -0.05993833 -0.0405224   0.02547086 -0.0486111  -0.08342061
  0.02621511 -0.06969251 -0.03597592  0.01507575 -0.10976946  0.04682771 -0.09012499 -0.02055562 -0.04125405 -0.05740374 -0.08255202 -0.0548466  -0.04659147 -0.05084932 -0.11294314  0.07574526
  0.03773638 -0.04062083 -0.01622104  0.01353645 -0.01180407 -0.05347268 -0.04821306 -0.09461229  0.02413169  0.10539083 -0.02095908 -0.02829766 -0.17971021 -0.04500579 -0.05114454 -0.12567824
 -0.0967837  -0.00959485 -0.06055829 -0.14324819 -0.07070857 -0.11545005 -0.10525437 -0.10594352 -0.03758729 -0.09665661 -0.07435154  0.12651521  0.03267553 -0.08011329 -0.07970832 -0.06738114
 -0.01461376 -0.01857027 -0.01748129 -0.08071911 -0.05114634 -0.00900272  0.01264023  0.13555142 -0.01782578  0.01173354  0.01649565  0.01504438 -0.04019089  0.0338406  -0.01984563 -0.05431871
  0.00671382 -0.01159863 -0.09919886  0.03996286 -0.06196249 -0.05089316 -0.02084786  0.08250985  0.00700835  0.01721303 -0.1004307  -0.08122145 -0.10954721 -0.0498605   0.04625951  0.09833718
 -0.05147709 -0.05651541  0.00249384  0.031461   -0.03250591  0.00640493  0.00255091  0.02318732 -0.05148732  0.05913602 -0.00033096 -0.09610919  0.04450392 -0.04680157  0.02461966 -0.0168349
  0.02191764  0.07156207 -0.02897333 -0.01538542 -0.09798347  0.02716838 -0.08408328 -0.04662513 -0.02297537 -0.04637481 -0.07246242  0.06980993 -0.02596015 -0.01341713  0.01656679 -0.00520339
 -0.03967905 -0.07909172 -0.09597079  0.00611457 -0.07252207  0.03018818  0.07483581  0.05154839 -0.08533425  0.07082322 -0.11449179 -0.1146915   0.16660173 -0.12057953  0.01941098 -0.08565907
