0.63444626 0.40666756 0.72075284 0.67191505 0.47729567 0.50422406 0.7346901  0.6788415  0.5624558  0.40208524 0.6333248  0.364679   0.50206846 0.5155158  0.67407423 0.7529446  0.9790184  0.5787897
 0.3504959  0.50309175 0.52588373 0.9054667  0.41336477 0.6509119  0.5720366  0.33128616 0.7812078  0.6285564  0.23598732 0.75157565 0.43195003 0.6844313  0.5435738  0.40836823 0.5815627  0.53547716
 0.44161537 0.5632459  0.37318817 0.5863811  0.24374534 0.46309265 0.47222668 0.53924716 0.46302631 0.7074388  0.33479086 0.56797177 1.1964707  0.67979234 0.54660964 0.36483136 0.39578852 0.6316272
 0.29181382 0.5116233  0.36201078 0.46764785 0.27976966 0.635443   0.525353   0.5583077  0.8401972  0.42425013 0.5698377  0.3120814  0.5606235  0.42646298 0.5467013  0.73754495 0.6731615  0.47980407
 0.46027324 0.5709933  0.44623616 0.27004802 0.4245955  0.48630294 0.5561609  0.5019592  0.27769482 0.55911124 0.581504   0.5148382  0.55693233 0.6436709  0.883523   0.68135697 0.6824992  0.7614496
 0.6608572  0.75922215 0.5350947  0.61628306 0.36227584 0.5971049  0.74737895 0.6202889  0.5568337  0.3419313  0.38410783 0.16535912 0.79932475 0.6733542  0.55415726 0.56649894 0.20126885 0.35744467
 0.51351166 0.65342426 0.6353472  0.5589774  0.5814411  0.40128326 0.71286786 0.6471764  0.70493174 0.7440033  0.43244526 0.63868165 0.6623703  0.42281112 0.11061721 0.6248396  0.48021162 0.5320019
 0.82215756 0.63019484 0.6343487  0.6601086  0.75577813 0.66123706 0.6604618  0.69351375 0.74714917 0.4267814  0.45985097 0.74180156 0.4373817  0.11134313 0.5226018  0.5004223  0.6616364  0.6317336
 0.66271466 0.76290035 0.5164732  0.5777914  0.339798   0.57955986 0.42471647 0.7852519  0.5162534  0.45774233 0.5589608  0.4608047  0.3514955  0.47850642 0.7990227  0.9293416  0.8438629  0.42297435
 0.5219918  0.44825524 0.5871379  0.2892976  0.5468095  0.45502737 0.607258   0.37163565 0.56398016 0.5488173  0.5196543  0.8531845  0.29935223 0.5662393  0.6515616  0.5178757  0.46819535 0.18597509
 0.20974687 0.55523014 0.4713301  0.5408592  0.64490414 0.28298804 0.67169344 0.54017943 0.61404514 0.5727711  0.3305222  0.5796621  0.7465698  0.5296026  0.9337018  0.44529432 0.55776066 0.5232258
 0.5161187  0.5584361  0.49518034 0.47304058 1.1578075  0.22412919 0.46929735 0.5159674  0.37820578 0.46190044 0.6658819  0.5569537  0.3992007  0.5644567  0.4881904  0.4596971  0.32019958 0.48329106
 0.34515533 0.37715834 0.51833165 0.76382    0.73746246 0.81113005 0.38291985 0.51903814 0.6440313  0.6065218  0.5494755  0.7160591  0.46294135 0.55266345 0.5540767  0.7349141  0.5119012  0.5334176
 0.568572   0.4959346  0.5922309  0.38609022 0.6181487  0.49769005 0.8723593  0.5716606  0.7546438  0.5554149  0.28900793 0.7692997  0.53647625 0.4152756  0.35403615 0.4745996  0.3383815  0.4861598
 0.5225024  0.36913243 0.25576034 0.6287965  0.6846675  0.7315292  0.46539882 0.5241903  0.45440197 0.62754446 0.34293017 0.5617702  0.61767656 0.6460929  1.04782    0.468052   0.68477046 0.37714586
 0.6497584  0.55857885 0.5721456  0.5462175  0.60913235 0.39446858 0.4846753  0.4026824  0.51855195 0.64025444 0.49961367 0.737047   0.56422496 0.41390157 0.8361488  0.45499182 0.38829476 0.5441257
 0.64579743 0.5449311  0.673619   0.81735736 0.3475684  0.28768265 0.5451398  0.4313105  0.3509666  0.42142552 0.6613397  0.24310622 0.1509337  0.3828799  0.9215245  0.6803052  0.4499575  0.66173834
 0.66343105 0.57986826 0.5314167  0.42754754 0.7398416  0.43823978 0.4258755  0.98225284 0.5233186  0.4568534  0.50865775 0.426821   0.5601009  0.34370887 0.55529726 0.5032393  0.5321284  0.3952261
 0.3737202  0.5280107  0.53990793 0.88719183 0.6348308  0.80787647 0.8578748  0.49042922 0.33866557 0.591805   0.31554317 0.7782413  0.6699091  0.3833022  0.45249382 0.7518684  0.74124515 0.6419186
 0.6486066  0.4372746  0.26252675 0.583615   0.38751084 0.57913476 0.27698505 0.4195114  0.15609032 0.3819687  0.6600568  0.6256001  0.40242174 0.67394906 0.59106934 0.6330318  0.5556496  0.62433416
 0.558781   0.63378453 0.8206131  0.6143053  0.49030805 0.50150347 0.5812226  0.38538018 0.8318001  0.73756534 0.89654964 0.42191422 0.5200236  0.67097276 0.6818969  0.7908822  0.5006962  0.6350729
 0.71279526 0.448294   0.6945651  0.6999114  0.41550234 0.32508394 0.5044839  0.66538894 0.472286   0.73936343 0.40341246 0.3758843  0.5202978  0.6464823  0.43218407 0.51569384 0.60023713 0.62090486
 0.5041126  0.5161669  0.84850454 0.6009582  0.45661858 0.4858538  0.35260865 0.07213953 0.57938915 0.629752   0.449559   0.6068566  0.649056   0.5847453  0.32700107 0.43154377 0.5966611  0.42614144
 0.94126254 0.38864157 0.86644995 0.45566672 0.48892707 0.8138     0.6089065  0.40297306 0.42070636 0.57307    0.63672435 0.36398178 0.9733665  0.6182857  0.62655514 0.7212547  0.4655094  0.3260359
 0.5343076  0.56538934 0.53092843 0.7282666  0.46360883 0.58295983 0.34222165 0.54630226 0.7459812  0.57448864 0.55808604 0.29395398 0.5864453  0.7148555  0.7356516  0.37925926 0.15729672 0.7671653
 0.6690447  0.6449867  0.42570975 0.37241742 0.28567684 0.40279904 0.09544776 0.27627826 0.7543206  0.18413068 0.3601036  0.4917205  0.7078105  1.1752043  0.55288845 0.41670495 0.53469443 0.462942
 0.48853096 0.5074787  0.41678092 0.06127464 0.50397325 0.58361197 0.26544884 0.56284076 0.40208632 0.6117443  0.7810109  0.53599644 0.6205886  0.7490234  0.5237061  0.4713108  0.4704606  0.42322984
 0.41784737 0.4742975  0.60359097 0.74727106 0.49288929 0.5748737  0.59561694 0.4545909  0.5169603  0.54063475 0.51975614 0.5926837  0.68513775 0.5502096  0.37130874 0.42959148 0.6493005  0.52258915
 0.3179134  0.31075767 0.42843115 0.5080066  0.67386895 1.0386126  0.5342684  0.5673878
