5.93326660e-03 -4.26434941e-04  2.65346356e-02  2.23831758e-02 -1.91324332e-03  1.93857085e-02  3.67471129e-02  2.70624831e-02  3.43756154e-02  1.92545131e-02  2.22137980e-02  1.16467690e-02
  4.53158095e-02  1.94349699e-02  2.94581056e-02  4.18093102e-03  4.98350561e-02  1.74931698e-02  4.11992073e-02  5.32313157e-03  3.59991193e-02  3.58015634e-02  4.88230633e-03  3.43163311e-02
  2.41610575e-02  5.14166541e-02  3.53975259e-02  3.81358713e-02  2.69592311e-02  4.37252373e-02  5.31226844e-02  4.63659083e-03  3.87135264e-03  2.84445491e-02  2.35092882e-02 -3.53970518e-03
  3.04544214e-02  1.16564715e-02  2.63525639e-02  2.66524646e-02  1.51640465e-02  1.34389773e-02  2.12849714e-02 -1.17266709e-02 -2.72123539e-03  3.17977518e-02  5.66114783e-02  3.51271704e-02
  1.14250118e-02  6.89707464e-03  2.09446903e-02  4.93385606e-02  2.49923542e-02  3.58589441e-02 -4.65501845e-03  3.32098231e-02  2.18801126e-02  9.64189414e-03  1.17486529e-02 -1.49582466e-02
  1.06166042e-02  3.03496085e-02  2.51256544e-02  2.07193685e-03  4.16897871e-02 -1.45396416e-03  3.53318937e-02  2.18224674e-02  1.43897776e-02  2.41702441e-02  3.93047258e-02  2.01666877e-02
  6.26173010e-03  5.94697008e-03  1.55200958e-02  3.57236038e-03 -1.49495536e-02  6.43119514e-02  2.64029764e-02 -1.69711129e-03  1.75572233e-03  2.97880173e-02  1.50095914e-02  1.69683080e-02
  1.10165011e-02  2.47714818e-02  7.23543065e-03  1.67351216e-02  5.76747805e-02  2.73755584e-02  6.11968059e-03  1.70118492e-02  3.23924869e-02  6.03198595e-02  2.82700676e-02 -9.05096903e-03
  1.97733957e-02  2.22184230e-02  1.49829304e-02  3.10079884e-02  1.20065389e-02  5.47194332e-02  4.38503027e-02  3.09658493e-03  1.15052350e-02  1.71665121e-02  2.47254875e-02  2.89327442e-03
 -2.39641499e-02  1.37543241e-02 -1.63777471e-02  2.65175719e-02  1.18356450e-02 -6.50840066e-03  4.91462164e-02  3.19186486e-02  2.26583332e-02 -5.47632203e-03 -1.70229319e-02  3.90294902e-02
  4.34904248e-02  2.79447883e-02 -1.90470535e-02  4.08468172e-02  1.58252679e-02  3.93194668e-02  4.91036568e-03 -1.55117596e-03  4.92426120e-02  1.54838646e-02  2.22244319e-02  1.57521982e-02
 -5.43062482e-03  5.95695991e-03  1.22972755e-02  6.41537756e-02  3.46521735e-02  2.18807850e-02  1.40907392e-02 -1.39271840e-03  2.08604876e-02  1.78553257e-02  3.37256901e-02 -2.02515144e-02
  3.06141637e-02  4.43057567e-02 -8.29555281e-03 -8.38077348e-03  5.68811148e-02 -1.13127695e-03  1.89526137e-02  2.28478778e-02  3.80540863e-02 -3.42156200e-05 -1.45336110e-02  4.01127189e-02
  3.06879207e-02  3.32010202e-02  3.10079791e-02  4.00602929e-02  2.25168262e-02  3.86718400e-02  1.71138272e-02  2.39782557e-02  3.89692262e-02  1.36812367e-02 -3.72163043e-03 -2.50523095e-03
  2.63801385e-02  4.55836095e-02  3.24057713e-02  1.97053440e-02  1.41127706e-02  3.28433253e-02  2.24674456e-02  2.08025184e-02 -3.37522514e-02  7.39159063e-03  8.70027021e-03  3.83827686e-02
  5.23767248e-02  1.46933375e-02  1.40917692e-02  3.22417319e-02  2.74558216e-02  1.73926968e-02  1.55974533e-02  3.15626971e-02  1.82342231e-02  3.04936734e-03 -7.48020830e-03  3.92185897e-02
  3.11753079e-02  1.04035726e-02  2.39102393e-02  5.36758341e-02  5.65084675e-03  7.77768251e-03  2.28408892e-02  3.84252460e-04  2.74594482e-02  2.01603360e-02  2.86993533e-02  1.73231661e-02
  2.83266883e-02  3.20301130e-02  2.25113798e-03 -2.29491200e-02  2.61917282e-02  3.25208530e-02  8.14277772e-03  1.37567632e-02  6.27562627e-02 -3.64972204e-02  2.66191997e-02  3.25222351e-02
  4.58365045e-02  3.47743444e-02  3.71463448e-02  1.42749613e-02  5.82629517e-02  4.87824716e-03  1.12507613e-02  3.16770598e-02  5.27578555e-02  3.33847925e-02  1.06173372e-02  1.51109078e-03
  1.31872632e-02  2.63545517e-04  5.43704117e-03  3.81151959e-02 -4.31868434e-03  2.43303571e-02  3.36952992e-02  4.38994654e-02  3.29787098e-02 -2.34868657e-02  2.60556508e-02  1.29715865e-02
  2.08370220e-02 -8.92634131e-03  6.63120300e-03  1.49899139e-03  1.09851686e-02  3.65163907e-02  9.27578658e-03  1.32550569e-02  1.91072281e-02 -8.85085296e-03  2.35140566e-02  3.31669785e-02
  3.55742835e-02  3.11860815e-02 -7.23549398e-03  2.39940118e-02  3.71864182e-03  3.23727988e-02  1.50963431e-02  1.83778647e-02  2.02151993e-03  1.57262255e-02  4.07812074e-02  1.98104326e-02
  2.13041659e-02  7.39285443e-03  4.23329696e-02  3.91594619e-02  4.31125239e-02  9.52502061e-03  2.09051222e-02  5.41544259e-02  3.77274491e-02 -1.55078657e-02  3.84585164e-03  3.91419157e-02
  2.77091004e-02  3.98964547e-02  1.26587441e-02  3.52833755e-02  1.08710006e-02 -8.05513840e-03  1.04887374e-02 -1.74162220e-02  9.37704183e-03  1.81651358e-02  2.33772793e-03  8.81263241e-03
  2.76471209e-03  3.08506228e-02  1.83424689e-02  4.43289317e-02  8.28590803e-03  1.83673967e-02 -2.32524425e-02  2.04795692e-02  3.80684510e-02  3.56664620e-02  2.03157701e-02  2.99958829e-02
  2.73886379e-02  2.15325262e-02  4.76336246e-03 -1.59160048e-02  1.91534981e-02  1.73934847e-02  1.20177567e-02 -1.28409965e-03  1.09410435e-02  5.31460252e-03  3.39959264e-02 -1.44751193e-02
  1.33191235e-02  1.21627226e-02  2.79008206e-02  1.98796783e-02  4.07227688e-02  6.53515477e-03  2.38386262e-02  2.55538467e-02  3.37653272e-02  5.23102060e-02  2.61815395e-02  2.38174628e-02
  2.55426746e-02  4.45348956e-02  3.45699489e-02  5.67796938e-02  1.77855138e-02  4.21703830e-02  1.65527891e-02  2.17535142e-02  3.06643918e-02  3.55704837e-02  2.31333934e-02  7.26333447e-03
 -5.33381151e-03  2.40845811e-02  3.43656503e-02  2.10731644e-02  1.03503617e-03  2.87931450e-02  6.11306056e-02 -3.61044444e-02  1.71785187e-02  3.29028033e-02  3.46603729e-02  1.15301050e-02
  6.79152459e-02 -3.01761902e-03  1.70647260e-02  4.45830338e-02  2.52758414e-02  4.15538400e-02  4.46261577e-02  2.28995178e-02  1.53629361e-02  3.72776091e-02  1.93807799e-02  3.46379646e-04
  4.36139591e-02  1.05172517e-02  2.58046873e-02  2.53417715e-02  2.11799201e-02  3.36161144e-02  1.14013627e-02  4.30528773e-03  4.00151946e-02  3.16531584e-02  6.09230846e-02  1.54046842e-03
  1.39407711e-02  4.03659940e-02  1.00646541e-02  4.93000969e-02  3.65055539e-02  1.04128961e-02  2.40112841e-02  3.72623242e-02  4.88055944e-02  2.37517571e-03  1.95898842e-02  3.87857445e-02
  5.39560281e-02  6.22655489e-02  3.70382220e-02  1.69837493e-02  1.23459268e-02 -2.08325451e-03 -1.62618216e-02 -1.32108415e-02  2.88753882e-02 -2.41606757e-02 -3.00572719e-04  3.12427152e-02
  1.80298202e-02  4.93679009e-02  2.25503407e-02  1.12117212e-02  1.58513915e-02  1.72395743e-02  3.60583141e-02  3.95130999e-02  5.47034815e-02  3.80957834e-02 -1.05215618e-02  2.87310369e-02
  2.38416493e-02 -9.44092963e-03  2.61013694e-02  8.44190642e-03  2.71589346e-02  3.92039493e-02  2.44001783e-02  3.29414979e-02 -4.77861892e-03  2.89779976e-02  2.24939659e-02  8.13790970e-03
  6.21718988e-02 -1.37551455e-02  1.69725493e-02  2.49642637e-02  3.78142036e-02  8.46759044e-03  5.42020658e-04  4.84671071e-02  3.37157510e-02  2.31625158e-02  1.92189328e-02 -8.17563664e-03
  1.83638819e-02  3.24418880e-02  4.12057340e-02  3.88886407e-02  8.45494568e-02 -1.71026010e-02 -4.30110330e-03  2.53222547e-02  9.04983841e-03  5.82347438e-03  4.94877901e-03  3.72262932e-02
  2.95487735e-02  2.20393557e-02  2.03194246e-02 -3.30214249e-03  1.27979266e-02  4.13660556e-02  1.22047765e-02  1.99869238e-02  5.63026331e-02  2.71522719e-02  1.10581862e-02  2.19617356e-02
 -2.76780147e-02  3.74018773e-02  3.77781279e-02 -3.31015280e-03  3.02395923e-03 -5.58302645e-03  2.98341550e-02  3.23398225e-02  1.70322079e-02  5.99976629e-03  7.19634723e-03  2.84779239e-02
  3.34829390e-02  2.56642736e-02  1.76097266e-02 -3.01266811e-03  3.35418247e-02  1.66471153e-02 -7.55562261e-03  6.03752909e-03  1.65332220e-02  4.49409634e-02  2.42506824e-02  3.24648023e-02
  2.94420635e-03  1.75780319e-02  1.58608183e-02  5.84419295e-02  2.54148804e-02  3.40402797e-02  9.11293493e-04  2.67894194e-02  1.65555272e-02  3.12729031e-02  2.88698673e-02  2.68379971e-02
  1.75030660e-02  1.85487103e-02  3.20267938e-02  1.48676252e-02  4.86971624e-02  1.04999747e-02  2.16734186e-02  7.08239758e-03  1.86589919e-02 -1.69363862e-03  2.07122117e-02  1.44824700e-03
  3.85547616e-02  4.88563292e-02  1.75615419e-02 -2.94818766e-02  3.95808695e-03  1.79147478e-02  3.63423117e-02  3.65223847e-02
