-3.07862330e-02 -5.56996539e-02 -5.67683391e-03 -3.57489660e-02  2.59565245e-02 -4.34847623e-02 -8.94441735e-03 -7.63590112e-02 -7.07233772e-02 -2.78424192e-03 -7.04515958e-03  2.85015423e-02
 -7.15497090e-03 -1.26139492e-01 -5.06228097e-02  2.04984173e-02 -5.59666902e-02 -3.32736559e-02 -7.04823285e-02 -1.29642813e-02 -2.95645036e-02 -2.13642083e-02  4.20770550e-04 -4.38319519e-02
 -2.18244363e-02  7.40500763e-02  1.55850099e-02 -1.02800960e-02 -6.08297475e-02 -3.69557999e-02 -1.62508115e-02  1.86545011e-02 -8.12606514e-03  5.86853409e-03 -7.83895608e-03 -3.17103527e-02
  3.39207910e-02  1.93650760e-02 -2.74907518e-02 -7.76843801e-02 -7.24021047e-02  1.33427996e-02 -8.10806919e-03 -1.88813359e-03 -3.37451659e-02  1.58906393e-02 -2.06097774e-02  1.56144975e-02
  9.59222484e-03 -8.93614415e-05 -1.73538662e-02 -1.32854804e-02  2.71394216e-02  5.18405400e-02  5.36591262e-02 -2.18335409e-02 -7.40303025e-02 -1.26186749e-02 -2.74990313e-02 -9.02158618e-02
 -3.84134650e-02  7.56179960e-03  2.65670312e-03  3.85885965e-03 -4.01502848e-02 -3.21884863e-02 -2.53198808e-03  5.16346507e-02  1.91749707e-02  7.34676793e-03  2.01787408e-02 -2.58174930e-02
 -3.27669643e-02 -1.90367140e-02 -1.68403983e-02 -2.82906555e-02 -2.23731101e-02  2.73945462e-02 -3.15419361e-02 -1.00515736e-02  1.45648810e-04 -2.02218555e-02 -1.68283433e-02  3.41105089e-03
 -4.13109129e-03 -4.88562211e-02 -7.37704150e-03 -5.31705134e-02 -2.17083637e-02 -5.79363899e-04  2.00879667e-02  9.09397285e-03 -5.11573302e-03  3.59118581e-02 -7.96479359e-03  2.16855314e-02
 -5.26180528e-02 -1.41467676e-02 -2.57512145e-02 -1.78382322e-02 -1.75444465e-02 -4.62463573e-02 -1.40896887e-02 -9.20575298e-03 -1.24999266e-02 -1.74850225e-02  3.98365455e-03  2.50752131e-03
  1.52382590e-02 -5.92759848e-02 -1.40114846e-02 -3.04823946e-02  2.47161333e-02 -3.60478982e-02 -2.69097053e-02  9.63020325e-03 -6.89857900e-02  1.72544955e-04 -1.83343829e-03 -2.93634105e-02
  1.74188130e-02 -2.08113212e-02 -2.75506470e-02 -9.25992802e-03  3.50011028e-02 -1.31784705e-02 -5.34323715e-02 -1.52952094e-02 -1.01160839e-01 -3.04795150e-02  2.48283688e-02 -1.35139478e-02
 -5.81848621e-02 -7.50026777e-02 -5.61286286e-02  9.87199228e-03 -5.72616570e-02 -3.05789597e-02  4.36178446e-02 -7.02330982e-03 -5.33445440e-02 -3.91054302e-02 -1.61534101e-02  1.03360694e-02
  9.60510131e-03  1.49948355e-02 -1.50685068e-02 -4.28692810e-02  4.56397533e-02  5.58268931e-03 -2.78481375e-03 -4.88966778e-02 -6.10770509e-02  2.25821417e-02 -4.08623405e-02 -2.32798625e-02
 -1.29232311e-03 -4.77757305e-02  2.57459916e-02 -1.76038835e-02  1.40226400e-02  3.12225427e-02  3.83229181e-02 -2.53836513e-02 -5.08696623e-02  2.15908308e-02  3.26513425e-02 -6.37498274e-02
  1.37001453e-02 -5.06044971e-03 -1.48134772e-02 -2.65794471e-02 -1.78113468e-02 -4.24058326e-02 -1.05263755e-01 -2.29387060e-02 -1.05164116e-02  6.67385058e-03 -2.58120373e-02 -1.18888402e-02
  8.19432666e-04  7.39762839e-03 -4.54679923e-03  3.97990644e-02 -1.04684280e-02 -2.84886025e-02 -7.09272102e-02  5.39582688e-04 -2.35132743e-02  3.80845834e-03 -1.65037587e-02 -2.02689189e-02
 -3.19719464e-02  2.30560731e-02 -4.94250804e-02  4.47651371e-03 -5.10466360e-02 -2.24987976e-02 -6.84005301e-03 -1.48101058e-02 -2.70771217e-02 -6.23203181e-02  1.33851753e-03 -3.97282131e-02
  1.79827735e-02 -1.45837124e-02 -5.43563627e-04 -1.64600275e-02 -3.44357155e-02 -5.03825918e-02 -1.91833079e-02 -9.05155484e-03 -6.60546497e-02 -6.97604418e-02 -4.53217812e-02  4.73540567e-05
 -4.45072465e-02 -3.30004245e-02  1.25564840e-02 -4.83305603e-02 -5.24953641e-02 -3.73052433e-03  1.00297946e-02 -2.72544660e-02  2.05110782e-03 -1.42812710e-02  1.08536901e-02  2.10568793e-02
 -8.09264034e-02 -3.29357162e-02  1.40420822e-02 -1.54325701e-02  1.01586888e-02 -9.63137671e-02 -4.19848487e-02 -1.45757543e-02 -2.83884238e-02 -1.96681675e-02  3.53331082e-02 -7.47406036e-02
 -2.52165683e-02  5.87419048e-03  1.81857198e-02 -6.56260503e-03 -3.09408437e-02 -2.57652607e-02 -3.97901749e-03 -5.17822243e-03 -4.00814377e-02 -6.68831542e-02 -5.75825246e-03  7.19535351e-03
  1.73274186e-02  1.42861959e-02  3.56249586e-02 -1.54387914e-02 -4.68975417e-02 -8.93675140e-04 -4.92398888e-02  3.93153615e-02 -1.84994545e-02  1.60089303e-02 -6.39029592e-02  2.03000586e-02
 -6.04825243e-02 -1.87439155e-02 -5.57797402e-02 -1.61953289e-02  2.06825808e-02 -4.26331582e-03 -2.13593058e-03 -2.23393068e-02 -2.35827267e-02 -1.64994933e-02 -3.21962498e-03  3.36182415e-02
 -3.76276416e-03 -2.54174136e-02  6.43711956e-03 -3.34571786e-02 -6.55163953e-04  1.96322966e-02 -4.08324413e-03  2.75558736e-02  2.09646616e-02  5.20256348e-02 -1.11323670e-02 -4.89790663e-02
 -2.32639182e-02 -2.85844076e-02 -5.35792559e-02 -1.60652325e-02 -1.67835888e-03  4.15505376e-03 -1.44737251e-02  1.07597662e-02 -1.01800319e-02 -1.54871969e-02 -4.51304130e-02  1.73440725e-02
 -8.11089948e-02 -7.41915172e-03 -2.71722246e-02  1.06701395e-02 -5.49975745e-02 -5.55390632e-03 -9.79080331e-03 -4.96033579e-02 -2.50965301e-02  1.96964405e-02 -1.79856978e-02 -3.14899236e-02
 -2.11366173e-02  1.86268259e-02  2.76550837e-02 -1.00274617e-02 -9.52569246e-02 -1.31313084e-02 -5.04541723e-03 -4.40112129e-02 -5.44133671e-02 -4.39579971e-03 -1.29394867e-02 -4.45926748e-02
 -1.00350790e-02 -4.26612608e-02 -3.49578913e-03 -6.05203211e-02  1.45678697e-02 -9.98370349e-03 -3.63500938e-02  1.00264261e-02 -1.21710496e-02 -9.63332690e-03 -1.00769084e-02 -3.25984098e-02
 -9.12244692e-02 -5.63702220e-03 -5.37914857e-02 -2.06231349e-03 -4.07099277e-02  1.90629326e-02 -7.46689215e-02  5.65523002e-03 -3.63305137e-02 -3.85544971e-02 -4.04727869e-02  1.14102280e-02
 -3.55047993e-02 -3.11358478e-02 -2.83414498e-02 -5.13931811e-02 -1.30906263e-02 -1.00830328e-02  3.62272374e-02  7.02122983e-04 -2.69080661e-02 -4.02266718e-02  3.15505415e-02 -7.24777766e-03
  3.43476608e-03 -1.92657560e-02  4.90298569e-02  5.68583189e-03 -4.66932468e-02 -5.72052971e-02  2.64891353e-03 -2.65011061e-02 -6.12089597e-03 -2.67681852e-02 -2.41966359e-02  7.14550074e-03
 -8.19055084e-03 -3.38970795e-02  4.10501985e-03 -5.66695370e-02  5.84450411e-03 -4.53515463e-02 -4.50826176e-02 -4.87460569e-02 -3.07594007e-03 -2.07734182e-02 -2.55455002e-02 -4.68230098e-02
 -5.23183085e-02 -4.14403109e-03 -1.71975233e-02  4.97364923e-02 -7.00508133e-02 -4.86661829e-02 -8.92297737e-03 -2.34501865e-02 -2.57353242e-02 -1.38921374e-02 -2.17277166e-02 -2.49157716e-02
 -4.58661802e-02  3.22627388e-02 -2.83779893e-02  1.92728371e-03  1.77546826e-04 -3.51635963e-02 -3.24736312e-02  3.62300710e-03 -1.48044332e-04 -2.10256465e-02 -6.24593422e-02 -1.37050799e-03
 -7.09803542e-03 -3.66785824e-02  3.55323590e-02 -1.28432997e-02 -5.78032769e-02 -5.92157468e-02 -3.26798088e-03 -4.45168242e-02  4.51991655e-04  4.06816378e-02 -6.64241612e-02 -4.48627360e-02
  3.94790135e-02  2.58006491e-02 -5.95999276e-03 -3.70495096e-02 -8.64070356e-02 -2.17107534e-02 -1.41614443e-02 -8.48300010e-03 -7.86864012e-03 -2.60132179e-02 -6.25736639e-03 -2.15335023e-02
 -3.84752788e-02 -2.06135623e-02  3.37846316e-02  2.29055528e-02 -4.08269763e-02 -7.42293820e-02  4.86038532e-03 -8.08637217e-03 -2.25856863e-02 -4.94386479e-02 -4.30242606e-02  1.57948788e-02
  5.39716706e-03  2.23260820e-02  1.81215405e-02  9.91515466e-04  9.57431830e-03 -6.29848167e-02  2.12848112e-02 -3.72023620e-02 -2.08666548e-02  2.31983643e-02 -2.50719208e-02  6.25125365e-03
  1.30766653e-03 -3.42917405e-02  3.66457109e-03 -8.45674053e-02 -5.54739544e-03 -3.95684019e-02 -4.09961827e-02  1.52584538e-02 -4.83100861e-02 -2.39554588e-02  1.18185487e-02 -1.67516675e-02
 -3.23860087e-02  9.84530663e-04 -1.82095990e-02  3.68952118e-02 -1.55847631e-02 -4.40175086e-02 -4.46118042e-03 -6.28434941e-02  1.11350548e-02 -2.66895141e-03 -6.88217878e-02  2.99969707e-02
 -4.18044850e-02 -1.27365338e-02 -3.94138284e-02 -6.57986924e-02 -5.28648309e-02 -2.28224844e-02 -2.11140811e-02 -8.72049108e-03 -1.51194166e-02  1.22160139e-02  1.03603275e-02  1.20021803e-02
  5.93872974e-03 -5.04528731e-02  3.07163745e-02 -3.82908247e-02 -2.45384257e-02 -7.24577382e-02 -5.70372194e-02  1.88419614e-02 -1.24216424e-02 -1.61284255e-03 -1.61466282e-02 -2.53167376e-02
  1.70389004e-02 -2.40634959e-02  2.11309120e-02 -9.47576091e-02 -1.50253894e-02 -6.76633567e-02  1.14114061e-02  6.89978991e-03
