0.11305383  0.02139641  0.07008626  0.0440007   0.08670785  0.05581549  0.09028132  0.07166161  0.04755354  0.07571809  0.12678318  0.03078368  0.0794927   0.06721652  0.07058786  0.06175167
  0.06011887  0.08634346  0.06613245  0.09509166  0.06368141  0.06055262  0.06614081  0.03292294  0.07261238  0.04839106  0.06435645  0.05316304  0.11663903  0.08080991  0.11144643  0.05813012
  0.07560031  0.06524397  0.10510008  0.0813964   0.04603012  0.04244265  0.07867888 -0.06351983  0.05912752  0.03888779  0.09347256  0.04284222  0.05879593  0.06647668  0.06024902  0.07705904
  0.08355553  0.07543106  0.07784337 -0.00765739  0.02317951  0.0532567   0.02202268  0.04304904  0.03377547  0.02183623  0.07553478  0.09351931  0.06371765  0.08232524  0.0601271   0.09931783
  0.06855019  0.06130249  0.073879    0.05685635  0.0811791   0.06551886  0.04336208  0.06813137  0.08556394  0.05959061  0.05188595  0.12568396  0.07591304  0.05782629  0.06328405  0.0413708
  0.06906683  0.04580794  0.09873243  0.11543879  0.03277421  0.11784395  0.07078533  0.08865304  0.07529843  0.04796409  0.05829754 -0.00205342  0.0651155   0.08758634  0.07662152  0.04877617
  0.08105935  0.05444847  0.07102607  0.0338239   0.04013472  0.06477189  0.01878011  0.09111919  0.04340176  0.03131749  0.07327846  0.088509    0.05857075  0.1386387   0.08199391  0.10684723
  0.09045867  0.11732294  0.08053263  0.08219917  0.0600682   0.05063341  0.11241407  0.07301705  0.06589794  0.08897924  0.08071765  0.08882018  0.06973838  0.04451234  0.09002565  0.06493796
  0.0568566   0.08122992  0.05880589  0.07189121  0.02260455  0.02777908  0.05068502  0.02294988  0.01793131  0.10226788  0.06743506  0.11388174  0.08563522  0.07274282  0.04681184  0.06264859
  0.05794003  0.00422371  0.09662115  0.05757721  0.05401503  0.06714921  0.06339544  0.0557304   0.0917608   0.07711644  0.06652366  0.03508133  0.08228819  0.1047859   0.07603724  0.07931555
  0.07563568  0.11823842  0.00318705  0.03394615  0.05551415  0.07567846  0.09658623  0.07822709  0.09552854  0.02529955  0.05982729  0.04765692  0.03589465  0.08117759  0.06504244  0.04941986
  0.02744508  0.09710216  0.09067675  0.05751321  0.03342889  0.06858438  0.0680997   0.05523256  0.06260668  0.10519919  0.08354955  0.02972758  0.05178662  0.0622634   0.04719357  0.05025031
  0.1102312   0.06896937  0.07439172  0.09336175  0.06006057  0.08564965  0.10442807  0.05587702  0.04958698  0.02773708  0.01750107  0.08318086  0.08135673  0.07486355  0.07698224  0.03331189
  0.05577825  0.08552248  0.07548282  0.04920647  0.088658    0.02753354  0.05698864  0.07337405  0.09840457  0.07937608  0.07460739  0.07896467  0.07796346  0.09617035  0.04958456  0.03848674
  0.11448181  0.0964729   0.0656148   0.0740287   0.03427143  0.06623     0.02535041  0.07466642  0.13947633  0.05466614  0.01828334  0.01183372  0.06622534  0.11499918  0.13276708  0.0950274
  0.06862964  0.0342957   0.07938942  0.03052062  0.02188918  0.04449908  0.10253238  0.08650472  0.05510175  0.09895567  0.02958239  0.00988092  0.06931369  0.11905701  0.05474478  0.16917628
  0.07701838  0.08587439 -0.0008574   0.08918235  0.01891044  0.0869145   0.08944485  0.08462291  0.0286364   0.03772848  0.11544427  0.05758088  0.08046757  0.04047922  0.06784299  0.0511034
  0.09810025  0.06678082  0.08843193  0.08348715  0.08154646  0.04173703  0.05490005  0.07690576  0.05704487  0.05718484  0.03724889  0.03763231  0.05897901  0.10801072  0.02465547  0.00484723
  0.09541394  0.06797104  0.1034169   0.04827085  0.0886494   0.05789542  0.07325125  0.07446285  0.03099337  0.11290941  0.03243286  0.06546162  0.13176867  0.01430456  0.08701957  0.09468529
  0.07946067  0.05064841  0.05081189  0.08434016  0.049299    0.06473249  0.0225356   0.05675541  0.05366869  0.10187711  0.03774691  0.065634    0.07684631  0.09572837  0.03828719  0.09372087
  0.09173612  0.06787579  0.068837    0.02795359  0.08216435  0.10235949  0.04907541  0.04300399  0.11272255  0.05953009  0.07656261  0.06142156  0.08014945  0.04822126  0.05530783  0.0729959
  0.10558518  0.11730009  0.04775252  0.06166827  0.0474621   0.06745576  0.08069955  0.08660039  0.03401879  0.06493975  0.03056862  0.05504874  0.05136552  0.12554878  0.01918832  0.04935005
  0.09308873  0.11039653  0.07448273  0.022209    0.053939    0.11409377  0.10811779  0.04619586  0.04993117  0.0255212   0.05638657  0.06190108  0.07313579  0.09240076  0.06091978  0.05576347
  0.11482593  0.0065995   0.05401425  0.08922944  0.06619637  0.10791051  0.06799285  0.05222799 -0.0300521   0.11525706  0.08307095  0.07809471  0.09611049  0.05004865  0.06256287  0.09780215
  0.1027355   0.08533955  0.13695936  0.07659031  0.08443752  0.13131371  0.06322054  0.02668519  0.07071713  0.06241978  0.07366367  0.09192883  0.08016106  0.01448174  0.09534382  0.04395942
  0.0954472   0.0709095   0.0868765   0.03705704  0.06112656  0.03831214  0.07744972  0.08668688  0.08850767  0.06376375  0.04999012  0.04781898  0.05741875  0.07948628  0.06562001  0.03140919
  0.089821    0.05930045  0.06883341  0.0936316   0.06660301  0.05216746  0.08564581  0.09753264  0.06789828  0.04321107  0.02887406  0.05822464  0.05352544  0.07263019  0.05006768  0.05264144
  0.0836157   0.05696841  0.06038176  0.0369323   0.08225042  0.0567532   0.07166554  0.08750158  0.08758738  0.03206674  0.0110483   0.07021744  0.06717794  0.04875249  0.11095253  0.10542565
  0.09581713  0.06608716  0.04650006  0.00696258  0.08156405  0.13059162  0.0729438   0.06024475  0.10337987  0.06444798  0.05668185  0.07528783  0.10810331  0.04880365  0.03335745  0.04883086
  0.02268172  0.10489471  0.05039559  0.02515584  0.0366616   0.05446836  0.12465703  0.09276775  0.03514713  0.04472096  0.06823611 -0.00915018  0.07699848  0.06812248  0.12767528  0.10284112
  0.0637924   0.01852634  0.07843473  0.11147263  0.11354354  0.03925334  0.06459425  0.10589581  0.06414019  0.09425378  0.03299091  0.08920933  0.04981263  0.05823481  0.10019898  0.06389819
  0.09972318  0.05813138  0.10851967  0.06221393  0.10790402  0.04911239  0.0482666   0.12735222  0.04638062  0.06547314 -0.00795025  0.07208309  0.08403073  0.06204702  0.06871968  0.08254358
