-1.32400811e-01 -8.36554095e-02 -2.30101377e-01 -2.37460241e-01 -5.74254632e-01 -1.85651734e-01 -2.55847931e-01 -5.58875501e-01 -2.25261465e-01 -1.32361278e-01 -2.34716922e-01 -5.61599843e-02
 -3.75611216e-01 -2.30594024e-01 -1.40503541e-01 -1.76830322e-01 -4.02178079e-01 -3.60194385e-01 -1.27045378e-01 -3.06562662e-01 -1.68561742e-01 -4.88411576e-01 -3.58732045e-01 -3.68882388e-01
 -3.88136208e-01 -3.76139698e-03 -1.74167186e-01 -3.08832347e-01 -1.25334203e-01 -5.47703087e-01 -2.45319650e-01 -3.57389785e-02 -2.59713978e-01 -2.65091360e-01 -2.69630313e-01 -6.85360190e-03
 -1.95005596e-01 -1.29453540e-01 -1.16475254e-01 -1.10183574e-01 -1.55974105e-01 -1.19955488e-03 -3.65734667e-01 -1.99054584e-01 -2.58847266e-01 -2.52767503e-01 -1.26821160e-01 -1.99728578e-01
 -2.89940953e-01 -1.97360486e-01 -2.26391464e-01 -4.43934947e-01 -1.66837782e-01 -2.52112687e-01 -3.87306839e-01 -1.28160357e-01 -3.42959255e-01 -9.05818120e-02 -1.15569919e-01 -4.15936917e-01
  9.26594660e-02 -1.12368524e-01  2.62250066e-01 -2.38108844e-01 -2.16721520e-01  1.16631880e-01 -8.16824809e-02 -4.07207757e-01 -1.98411465e-01 -6.13724291e-02 -4.14349705e-01 -3.37842077e-01
 -1.48387074e-01 -5.02780341e-02 -1.44300133e-01 -3.41295868e-01 -4.01645750e-01 -8.87765810e-02 -1.55453026e-01 -2.14605257e-01 -5.40455692e-02 -1.17208786e-01 -7.59498060e-01 -2.06130102e-01
 -8.09620172e-02  3.59046757e-01 -4.14330095e-01 -2.19961151e-01 -1.42246678e-01 -2.76304334e-01 -1.18566416e-01 -1.88517615e-01 -3.01280677e-01  1.32873029e-01 -6.55024871e-02 -2.88422793e-01
 -4.79095429e-01 -2.77750611e-01 -3.66251498e-01 -3.08669567e-01 -5.54902740e-02 -2.72640049e-01 -2.14580432e-01 -2.50970513e-01 -1.14702731e-01 -3.04789126e-01 -2.28316575e-01 -7.55767524e-02
 -5.42151690e-01 -4.02091146e-01 -1.70606136e-01 -2.46711060e-01 -3.75444244e-04 -2.76089698e-01 -1.68727472e-01 -3.44519973e-01 -2.15252072e-01 -4.33370262e-01 -3.28918517e-01 -7.91150779e-02
 -1.48222670e-01 -1.72174752e-01 -1.64772511e-01 -4.58083123e-01 -4.54088151e-01 -2.15962321e-01 -2.80517161e-01 -1.98231667e-01
