0.15639561  0.11562143  0.0899959   0.07887657  0.03798576  0.0460686   0.14007764  0.15245868  0.17449386 -0.04013887  0.0660098   0.10469507  0.09372496  0.11453333  0.03340921  0.08212798
  0.05848811 -0.2175247   0.12029256  0.05478969  0.05966309  0.08569627  0.13091597  0.15231635  0.01838759  0.10293378  0.07339144  0.07752119  0.10530752  0.04818108  0.06810473  0.06032654
  0.0378323   0.05864337  0.05897992  0.11095309  0.10798244  0.06631073  0.10947988  0.00082366 -0.08699334  0.06358688  0.09741955  0.11477529  0.16653158  0.15356033  0.08638631  0.04179142
  0.09040883  0.07802505 -0.03473022  0.11283877 -0.07707313  0.08648211  0.13709742  0.18900545  0.06592375  0.12367281  0.08142895  0.13666     0.08873652  0.14606038  0.17937891  0.09819905
  0.08947722  0.11600009  0.15920861  0.03645861  0.03520937  0.10278146  0.10339072  0.07546771  0.08128875  0.1009777   0.09321767  0.13046987  0.09650706  0.11438089  0.10938699 -0.0909074
  0.05881494  0.00479426  0.11476233  0.11880605  0.07550663 -0.00208947  0.08493055  0.07046905  0.04472715  0.08317063  0.11186736  0.12813139  0.03106719  0.05053448  0.15237546  0.15361454
 -0.01618776  0.11429156  0.14894503  0.03255127  0.1191924   0.12683073  0.07885579  0.13691652  0.06212154  0.11217131  0.09669328 -0.05761771  0.14228266  0.13912289  0.10551529  0.12111519
  0.11445466  0.1252201   0.12332613  0.1093072   0.06133767  0.10502199  0.13854258  0.04822845  0.09680599  0.04130177  0.16605072  0.1628375   0.06375071 -0.05238487  0.00791412  0.11429026
  0.11822104  0.11907104  0.08454525  0.17442775  0.12363664  0.01611853  0.0738244   0.11722811  0.07790171  0.0700466   0.08186278  0.15258364  0.14564762  0.10203937  0.04731697  0.0486721
  0.10118236  0.00225676  0.06966983 -0.19853148  0.09970848  0.07088164  0.05020273  0.0808075   0.10437313  0.09806565  0.13832922  0.10603846  0.12470008 -0.01760364  0.03298656  0.02445698
  0.04450911  0.09762994 -0.05387411  0.18783729  0.04473766  0.08743683  0.07306237  0.06494011  0.17217395  0.10204831  0.05780985  0.05949323  0.08546337  0.10562309  0.08534443  0.08012112
  0.08285957  0.14559643  0.02450733  0.11650863  0.06937908  0.10877746  0.11461109  0.16585821  0.09660411  0.17154463  0.05444665  0.12125722  0.07008243  0.05722786  0.15319405  0.10958395
  0.11149267  0.08453226  0.04907291  0.12995002  0.14075045 -0.03304634  0.16471833  0.02040989  0.13661109  0.11619498  0.02137787  0.1432237   0.10369452 -0.0497499   0.06382279  0.04131674
  0.16533737  0.02073938  0.04846241  0.1589072   0.07518676  0.02276063  0.13837172  0.07738975  0.14897098  0.19153632  0.11194441  0.14827803 -0.00510484  0.14807035  0.02954142  0.05208806
 -0.03937416  0.14335687  0.16702552  0.1519706   0.02307916  0.06144449  0.0304312   0.1309134  -0.04263698  0.11699467  0.14752117  0.12949996  0.09572387  0.09503559  0.07613331  0.07704653
  0.0423978   0.03251824  0.0250854   0.12807994  0.05379214  0.09523688  0.03784484  0.20406628  0.07060032  0.06238176 -0.08259326  0.14769472  0.08344481  0.09524597  0.08505974  0.15284589
 -0.02266796  0.11115523  0.14128971  0.08935446  0.10410225  0.08824017  0.05698827  0.11262071  0.05219987  0.06188845  0.0873103   0.11519568  0.0292532   0.07015187  0.08946534  0.10399412
  0.07821193  0.07232992  0.13370463  0.07253285  0.08155079 -0.02977859  0.10629673  0.09895119  0.05716679  0.03576767  0.07365037  0.11613446  0.10816352  0.13482067  0.10917794  0.09659249
  0.14928076  0.1513883   0.09517823  0.10191761  0.13908084  0.11436519  0.09016623  0.15001458  0.13687778  0.02635073  0.11361702  0.07323865  0.11156492 -0.01091058  0.09967499  0.15320028
  0.12405367  0.11317656  0.07650497  0.05011066  0.08679198  0.19760337  0.00547932  0.12155469  0.12167718  0.09053765 -0.01972837  0.07435104  0.12488277  0.14677244  0.08143141  0.09545453
  0.14177772  0.07660834  0.09920748  0.08910725  0.00630984  0.0825547   0.12375812  0.02816903  0.09961406  0.02229473  0.05755227  0.01201064  0.11287516  0.07732029  0.09675365  0.09771972
  0.1503525   0.0872529   0.1263232   0.03447675  0.05499043  0.07610118  0.14958279  0.09579921 -0.00559158  0.12649082 -0.18799043  0.01014827  0.14118533  0.08456685  0.10806317  0.02476533
  0.08968391  0.13991359  0.1307929   0.07633311 -0.00331931  0.06749132 -0.02952375  0.09486899  0.03045192  0.01452854  0.07622905  0.13913614  0.10455751  0.09197114  0.09759428  0.12034976
  0.09661175  0.06382535  0.12260004  0.07991863  0.09275062  0.04326552  0.02955233  0.14595796  0.08732505 -0.11581711  0.11433     0.12899134  0.00905877  0.12507038  0.12492622  0.08232827
  0.0875017   0.03631983  0.09283946  0.12808387  0.14726366  0.06897517  0.08560193  0.11889067  0.09504883  0.15624574  0.07789266 -0.0427366   0.11599266  0.1293023  -0.09609434  0.04888658
  0.10991415  0.1792655   0.11685821  0.11419152  0.13548058  0.0806009   0.11011074  0.12921117 -0.05970766  0.15780938  0.04815391  0.01897049  0.14063622  0.11430174  0.08401839  0.09654579
  0.08015493  0.07379882 -0.12521128  0.13901725  0.09035129  0.13940643  0.00751854  0.1723415   0.17786002 -0.00235371  0.13665372  0.14548655  0.11029714  0.08814873  0.11555597  0.11169346
  0.09774262  0.09708958  0.02513515  0.09094444  0.0942445   0.18949282  0.10389904 -0.01781183  0.0865472   0.07575651  0.06937687  0.0703814   0.12779702  0.06095798  0.19363505  0.09771168
  0.10062329  0.12162808  0.10176035  0.12124769  0.1367849   0.00489928  0.08020776  0.13228478  0.03935579  0.11134627  0.12337781  0.11902203  0.03254674  0.119091    0.0528096   0.05513413
 -0.02445513  0.08559433  0.13359582  0.08504394  0.07732676  0.17483816  0.09178482  0.13143326 -0.04635753  0.09904968  0.14970784  0.07930871  0.100315    0.11832487  0.13353121  0.07644953
  0.0987976   0.09102441  0.1267596   0.07342007  0.07585795  0.12855662  0.06588384  0.1217704  -0.02840673  0.16967519  0.08027517  0.09860464  0.1298935   0.10428071  0.07405049  0.08990669
  0.10309704  0.15984124  0.1440888   0.0959888   0.06922913  0.08689376  0.13631581  0.07052874  0.10249073  0.08320761  0.08384196  0.08365602  0.13113838  0.08652838  0.11946572  0.05421118
