-0.1466139  -0.19595677 -0.0563572  -0.09875848 -0.05847833  0.01258894  0.00730166 -0.08743538 -0.18645553 -0.03066639 -0.10290672 -0.03315272 -0.06297673 -0.21304744 -0.22305502 -0.1771763
 -0.22577052 -0.04405459 -0.04285207 -0.03536788 -0.03758496 -0.02700751 -0.04616948  0.05950297 -0.13642423 -0.05498021 -0.01823802  0.02427418 -0.14694247 -0.13667767 -0.12990111 -0.14929263
 -0.16989134 -0.1808363   0.07528099 -0.09949514 -0.09659794 -0.094221   -0.11174276 -0.08002863 -0.0803872  -0.02336263 -0.21624315 -0.06912294 -0.20810686 -0.12618415 -0.0801832  -0.16704792
 -0.07803585 -0.15167512 -0.07408068 -0.05205636 -0.16382305 -0.05809163 -0.1041446  -0.05439638 -0.10001215 -0.12713654 -0.09515347 -0.04293691 -0.01380842 -0.23229358 -0.0254898  -0.11586954
 -0.0362211  -0.14336364 -0.08185969 -0.08923103 -0.07041549 -0.05962473 -0.19846031 -0.12968355 -0.21425839  0.05857486 -0.0887462  -0.20007561 -0.16284761 -0.07977499 -0.02101417 -0.10450933
 -0.00879924 -0.0617122  -0.1274876  -0.03909047 -0.19084258 -0.11542808 -0.24445477 -0.14362723 -0.07829799 -0.25286773 -0.07787514 -0.04156552 -0.15601563 -0.08297429  0.01093706 -0.2258625
 -0.17856286 -0.08255374 -0.050734   -0.01260832 -0.10279889 -0.11307696 -0.08550387 -0.09384395 -0.04506018 -0.21387593 -0.01923778 -0.06073753 -0.12165637 -0.10908429 -0.16549394 -0.22370206
 -0.05584691 -0.11269668 -0.17106661 -0.09654956 -0.20714968 -0.11235209 -0.08694772 -0.10198827 -0.21920973 -0.15853046 -0.07879442 -0.171784    0.00264385 -0.09739601 -0.06450868 -0.19906718
 -0.0769434  -0.10395277 -0.13902216 -0.03807003 -0.2368142  -0.07607587 -0.17244977 -0.08440619 -0.01229464 -0.0942986  -0.11605721  0.03050397 -0.16591547 -0.17939438 -0.138878   -0.03913537
 -0.05420377 -0.12006834 -0.06993017 -0.11411692 -0.11674058 -0.03280041  0.02688131 -0.00976006 -0.12970082 -0.03574705 -0.08048666 -0.17574875 -0.08807471 -0.15051052 -0.12578617  0.02291191
 -0.19550027 -0.12509032 -0.19149737 -0.13482793 -0.08511977 -0.19535027 -0.04984481 -0.05605771 -0.12996703 -0.12892812 -0.10107772 -0.11493908 -0.07723874 -0.06326021 -0.12235809 -0.12688549
 -0.18178807 -0.14375365 -0.11003371 -0.09946363 -0.04233497 -0.0827735  -0.06470899  0.03236102 -0.14852294 -0.0728612  -0.05249995 -0.07798523  0.01546396 -0.09254646 -0.11895666 -0.07577933
 -0.09494022 -0.08376327 -0.10730688 -0.08790714 -0.06236525  0.02110406 -0.17640263 -0.04271643 -0.1205996  -0.18405433 -0.12367754 -0.02965673 -0.03061697 -0.07255323 -0.06049164 -0.07632623
 -0.01687789 -0.04361678 -0.16067398  0.02616653  0.05311485 -0.0877722  -0.11114074 -0.13487253 -0.11521687 -0.12839079 -0.08732112 -0.04604181 -0.08383696 -0.12835081 -0.18310574 -0.2128986
 -0.15321653 -0.08151091 -0.14271276 -0.11510608 -0.18844053 -0.14134207 -0.08381037 -0.01934732 -0.12593968 -0.08713619 -0.05471839 -0.15294455 -0.01400106 -0.11008187 -0.11331224 -0.04599458
 -0.11760188 -0.11543337 -0.20602866 -0.1598907  -0.05764283 -0.08694147 -0.10919896 -0.10000895 -0.20200329 -0.2342802  -0.15586427 -0.22640263 -0.22017832 -0.22893837 -0.18071067 -0.17875485
