-4.44110632e-02 -9.69463512e-02 -8.17290694e-02 -9.68989655e-02 -3.44133563e-02 -7.90560991e-02 -2.78295372e-02 -3.95123996e-02 -1.31880417e-01 -1.33746624e-01 -8.14230219e-02  2.68009480e-05
 -2.87157688e-02 -3.33277360e-02 -9.34457034e-02 -5.41120321e-02 -4.84181345e-02 -9.28723291e-02 -9.13018584e-02 -3.16014178e-02 -7.16457665e-02 -1.20367244e-01 -2.14766040e-02 -6.92497613e-03
 -9.23936218e-02 -5.62912412e-02 -3.62887681e-02 -8.25027749e-02  5.07898210e-03  6.84455084e-03 -4.70880903e-02  5.83366025e-03 -5.40672652e-02 -5.80345131e-02 -4.48467918e-02 -2.29092836e-02
 -1.35969194e-02 -4.75850739e-02  1.77377090e-02 -4.69334237e-02 -6.29940331e-02  2.02558562e-02  1.13409050e-02 -4.73643653e-02 -3.42977437e-04 -7.85213262e-02 -2.83994712e-02 -1.76190306e-02
 -7.00641572e-02 -2.48710550e-02 -3.64675261e-02 -3.77967842e-02  1.96789149e-02 -6.12963326e-02 -9.61480215e-02 -5.35015017e-02  1.40997637e-02 -8.62402394e-02 -5.74033484e-02 -2.19853539e-02
 -2.35834084e-02  3.10494155e-02 -2.47717407e-02 -1.14204817e-01 -1.03322528e-01  4.85624596e-02  2.05383133e-02 -6.00176565e-02 -1.80645406e-01 -1.50042167e-02 -7.78927058e-02 -2.39836443e-02
 -4.25810181e-02  3.89037132e-02 -4.22156118e-02 -3.39481123e-02 -7.65451267e-02 -5.42654283e-02 -6.37685359e-02  1.45806244e-03  2.39000656e-02 -8.06427225e-02  4.21609962e-03 -6.60801157e-02
 -3.29226889e-02 -1.85242798e-02 -8.70253611e-03 -4.68516387e-02 -4.73043323e-02 -6.98499158e-02 -8.19654092e-02  3.79481912e-03 -1.45723969e-01 -7.77578652e-02 -8.26863497e-02 -1.58814825e-02
 -2.57955361e-02 -1.19631961e-01 -2.00423808e-03 -6.29240721e-02 -8.24205354e-02  3.62197272e-02 -2.46817134e-02 -6.67866459e-03 -2.33643912e-02 -5.39328717e-02 -5.41546643e-02  1.18115339e-02
 -4.99069169e-02  1.30177392e-02 -2.72174291e-02  4.08033049e-03  3.11433040e-02  1.18709598e-02 -4.80152667e-03 -3.11278272e-02 -4.90144268e-02 -4.39715497e-02 -9.63365939e-03  7.25227455e-03
 -5.88729791e-02  5.09358896e-03 -8.13943073e-02  1.39248380e-02 -6.51638806e-02 -2.84418240e-02 -1.67661719e-02 -5.27732521e-02  7.29902240e-05 -3.77446413e-02 -5.28605543e-02 -5.80130517e-02
 -5.12227081e-02 -7.76310414e-02 -1.05821237e-01 -8.81760195e-02  9.39145871e-03 -8.03834796e-02 -7.95603096e-02 -1.07717868e-02  8.97262886e-04 -6.58647344e-02  8.99036881e-03 -5.15245646e-02
 -2.27424484e-02 -3.78602929e-02  1.29292728e-02 -4.18355726e-02 -5.95788844e-02 -4.46032286e-02 -5.09339906e-02 -4.37308177e-02 -4.20239009e-02 -1.44085959e-01 -3.37150022e-02 -3.76120210e-02
 -1.33289143e-01  9.60211270e-03 -4.29194681e-02 -2.56290063e-02 -6.20636605e-02 -8.63950420e-03 -6.37163147e-02 -3.35662588e-02 -5.79196066e-02 -8.56315941e-02 -5.37304766e-02 -3.25412080e-02
 -1.82700083e-02 -3.94296497e-02 -6.30343780e-02 -6.18358143e-02 -1.03505611e-01 -1.59034297e-01 -1.03229374e-01 -1.01251669e-01 -2.30159685e-02 -3.05995885e-02 -4.54940721e-02 -4.95930091e-02
 -5.19544631e-03 -4.40389365e-02 -1.85281094e-02 -5.23041412e-02 -6.14284305e-03  1.74454357e-02 -6.84099197e-02 -5.14867567e-02 -1.81849636e-02 -3.87556888e-02 -1.49101093e-02 -3.34163159e-02
 -7.58833140e-02  8.44911672e-03  3.54973599e-02 -3.34408954e-02 -1.30897939e-01  6.91479398e-03 -7.32218474e-02 -2.66448390e-02 -7.79670626e-02 -1.16341310e-02 -8.73630792e-02 -1.44931346e-01
 -1.03356630e-01 -8.17352086e-02 -3.34847383e-02 -8.77942294e-02 -4.02689427e-02  3.57132480e-02  5.40135615e-03  1.13044241e-02  8.53502378e-02 -1.07407711e-01 -7.52307922e-02 -5.21593317e-02
 -6.03345707e-02 -4.02961671e-02 -5.84421121e-02 -7.48505816e-02 -4.27099653e-02  5.22849746e-02 -6.05599694e-02 -3.53391469e-02 -4.01276685e-02 -5.93003742e-02 -5.02989516e-02 -1.16843380e-01
 -4.23020683e-02 -9.84289963e-03 -7.08646178e-02 -1.88504178e-02  2.06182078e-02 -4.61703651e-02 -6.97530881e-02 -2.99132913e-02  5.22425573e-04 -2.96932575e-03  2.99788686e-03 -4.43565510e-02
 -6.20307364e-02 -8.79569054e-02 -7.28343874e-02 -1.42540401e-02 -6.47649914e-02 -7.66736269e-02 -6.77955821e-02 -1.20582864e-01 -7.09990337e-02 -5.94726112e-03 -9.90262348e-03 -1.57602560e-02
  1.34475273e-03 -1.28788039e-01 -9.65470448e-02  2.37349328e-02 -4.58461978e-02  3.46213542e-02  2.53522806e-02 -7.94763714e-02 -2.00515781e-02  4.00702171e-02 -4.75297086e-02  3.21675800e-02
 -9.29549485e-02  3.83045315e-03 -6.50533214e-02 -8.46983641e-02 -5.07745929e-02 -5.57309873e-02 -4.06672545e-02 -3.59577388e-02 -9.57672223e-02 -2.66091768e-02 -1.00924252e-02 -6.08093245e-03
 -5.61445691e-02 -6.75945729e-02 -4.64563929e-02 -5.69009893e-02 -3.49195749e-02 -1.06484033e-01 -4.22611320e-03 -2.29207426e-02 -6.38396572e-03 -7.51633942e-02  1.96064077e-02 -7.73076713e-02
 -5.68845645e-02 -4.51769866e-02  2.08532698e-02 -1.47287417e-02  2.28573456e-02 -4.26638015e-02 -2.02879123e-02 -4.13332097e-02 -8.99390057e-02  1.60259753e-02 -9.88219082e-02 -6.07411638e-02
 -4.15488072e-02 -4.26523089e-02 -5.17217480e-02  1.56878494e-02 -1.22901574e-02 -3.35535407e-02  3.45890746e-02  1.79404318e-02  1.61499102e-02 -7.45129436e-02 -4.66889106e-02 -7.47180730e-02
 -6.87671080e-02 -9.36141238e-03 -6.59506246e-02 -9.42709595e-02  8.96166638e-03 -1.40099097e-02 -7.17743263e-02 -7.12346137e-02 -7.69790635e-02  4.92121978e-03  1.31158540e-02 -3.25368233e-02
 -2.44252328e-02 -2.72913184e-02 -8.35028198e-03 -2.73068361e-02 -4.71099578e-02 -2.56237295e-02 -8.87996331e-03 -1.05983689e-02  2.32614148e-02 -5.77654541e-02 -3.54242548e-02 -5.11070080e-02
 -2.52966080e-02 -1.10068191e-02 -7.14022852e-03  5.06964885e-03 -5.35781458e-02 -1.37291715e-01 -1.00251622e-01 -9.55605805e-02 -8.63279775e-03 -3.08792796e-02 -6.55707419e-02 -3.66390795e-02
 -4.20821831e-02 -1.02364384e-01 -1.21527269e-01  2.93411128e-03  1.69832725e-02 -4.85538878e-02 -2.89063975e-02 -4.54346500e-02 -5.24989096e-04  2.72364309e-03 -2.67523099e-02 -1.21558987e-01
 -1.85320550e-03 -1.49851292e-01 -4.30913456e-02 -1.75010506e-02 -4.59290743e-02  1.64002851e-02 -1.26386210e-01  5.63614145e-02 -7.48767182e-02 -1.03666827e-01 -9.08545032e-02 -5.07601164e-02
  5.99255897e-02  2.56059319e-02 -5.49830422e-02 -6.20799102e-02 -5.06693823e-03 -1.73581708e-02 -4.86243181e-02 -1.79400630e-02 -1.81774665e-02 -4.75963168e-02 -7.63017014e-02  9.34803020e-03
 -2.40226798e-02  1.57488454e-02 -3.29380296e-02  1.06516974e-02 -5.42690493e-02  1.18907113e-02 -9.03914683e-03  7.30978604e-03 -8.15126225e-02 -9.87574831e-02  3.25900415e-04 -4.68292013e-02
 -2.93653551e-02 -8.82948264e-02  1.67990793e-02  2.23391671e-02 -4.29295413e-02 -8.23971704e-02 -5.19024543e-02 -2.35846229e-02 -3.11722215e-02 -1.86635293e-02 -2.15676669e-02 -3.05739529e-02
 -1.16051406e-01 -7.94922784e-02  1.38569297e-03  1.43348193e-02 -3.75989266e-02 -1.00682534e-01  1.88955590e-02 -2.96252444e-02 -7.86437318e-02 -7.37277269e-02 -5.83043471e-02 -5.23781776e-02
 -4.78578582e-02  4.42116940e-03 -9.97487754e-02 -2.95041483e-02 -9.32864659e-03 -2.99691521e-02 -6.17074296e-02 -1.14707388e-01 -1.57935452e-02 -8.11974797e-03 -4.04683687e-02 -5.21424860e-02
 -1.48995752e-02 -9.51493531e-02 -1.03480071e-01 -3.96080017e-02 -1.13081425e-01 -2.25732829e-02 -6.19853474e-02 -7.70638287e-02 -1.10335112e-01 -5.22184791e-03 -2.36841124e-02 -4.18542363e-02
 -8.96876492e-03  6.29682168e-02 -5.24761043e-02 -5.69260493e-02 -6.18819632e-02 -8.42913687e-02 -3.23396772e-02 -9.98884514e-02 -8.85373726e-02 -5.71712367e-02  1.49874743e-02 -2.66478043e-02
 -7.67232850e-02 -3.86860743e-02 -3.54712121e-02 -6.35672063e-02  3.43445539e-02 -5.96564524e-02 -7.59244561e-02 -7.72997215e-02 -7.12469071e-02 -4.73978296e-02 -4.64706980e-02  9.10075754e-03
 -1.21177873e-02 -4.50336896e-02 -3.93092446e-02 -2.68251840e-02 -1.53776780e-02  2.55067274e-03 -1.38632092e-03 -1.24295764e-02 -1.15387291e-02  1.58417749e-03 -8.29076841e-02 -7.96759352e-02
 -4.08072695e-02 -4.59558107e-02 -7.39321932e-02 -4.56739850e-02  4.10581902e-02 -6.25185948e-03 -1.51310593e-03 -1.96747780e-02 -9.25098062e-02 -4.43980619e-02 -5.64740263e-02 -5.13537079e-02
 -1.99146233e-02 -4.91228439e-02 -4.25429083e-02 -3.55518833e-02 -9.62700546e-02 -1.58115253e-02  1.98869430e-03  1.30828540e-03 -5.87047078e-02 -8.78653228e-02  3.96429971e-02 -3.64415459e-02
 -8.77120644e-02 -5.74645810e-02 -3.33426148e-02 -4.89954539e-02 -2.46239435e-02 -7.17205405e-02 -3.61063071e-02 -3.23195569e-03
