0.03435507  0.02184962  0.06995503 -0.01630015  0.05327275  0.0680021   0.03478076  0.04350175  0.04341902 -0.01662523  0.03943827  0.01762542  0.05010073 -0.03016229  0.08085808  0.05330897
  0.03141126  0.03267974  0.04804618  0.06266864  0.04970685  0.03209357  0.02951606  0.03807363  0.06491835  0.011334    0.0739722   0.01750123  0.04317288  0.05936317  0.0201538   0.05085627
  0.04348422  0.04291115  0.07331686  0.04676097  0.02343953  0.03763763  0.02734062  0.06833509  0.01654387  0.00154495  0.07867419  0.01325197  0.01089837  0.05905862  0.0542902   0.03143716
  0.05318407  0.04624316  0.04430552  0.02122049  0.04241439  0.0659518   0.06749236  0.01609802  0.0164225   0.05200105  0.02876621  0.01865586  0.04071404  0.02531208  0.02445444  0.02653437
  0.05103746  0.04636242  0.01946816  0.02856762 -0.00438265  0.0681181   0.04316318 -0.01351147  0.01004668  0.04235241  0.0170931   0.053036    0.01885348  0.05065395  0.057086    0.00210334
  0.01540082  0.0733373   0.02979965 -0.01180398  0.03281584  0.02255398  0.04167745  0.02056081  0.01718362  0.0584994   0.04203921  0.02904526  0.05438541  0.03421361  0.02467668  0.06488962
  0.08190837  0.06376307  0.03062021  0.03266881  0.04938605  0.03033515  0.03175201  0.04598661  0.00278373  0.05604833  0.01399061  0.01553781  0.01881445  0.05565386  0.02124255  0.03029274
  0.02827538  0.04445995  0.02303012  0.01330026  0.04781877 -0.02979685 -0.00242366  0.04109588  0.0810709   0.03882439  0.03366432  0.0590142   0.03920141  0.04553425  0.03009003  0.04019336
  0.03658079 -0.01341756  0.04634763  0.06035644 -0.00959753  0.05797611  0.07106045  0.00621821  0.03817743  0.03166213  0.05009965  0.03896109  0.01216603  0.00958002  0.01875583  0.04528068
  0.00854943  0.02658983  0.02821665  0.02887631  0.07321814  0.01774108 -0.00974857  0.01464553  0.0382656   0.04959346  0.03923403  0.02293631  0.05873193  0.06984299  0.04901534  0.06333373
  0.03453906  0.06614275  0.01344055  0.0590742   0.03010847  0.03674606  0.05294125  0.03832508  0.03274743  0.03882411  0.08069008  0.06936225 -0.00269363  0.04428597  0.02393675  0.0528413
  0.04447974  0.06069493  0.04220879  0.04600989  0.03977573  0.05183645  0.02840661  0.03375899  0.03026304  0.03679808  0.02376604  0.0188741   0.04112377  0.01430599  0.02773211  0.00538254
  0.03807288 -0.01535267  0.07800063  0.06425034  0.05670169  0.04208561  0.00581083  0.02150432  0.02003065  0.03511411  0.01801768  0.0133142   0.04548327 -0.00915924 -0.03609866  0.04451418
  0.04902483  0.02436072  0.06944082  0.04036583  0.07604869  0.01463985  0.02261724  0.06148857  0.01031391  0.01820578  0.04318479  0.02512129  0.00808576  0.06854136  0.03783246  0.02446062
  0.06175406  0.05338491  0.06001797  0.02536963  0.03164002  0.04673419  0.01949618  0.06283505  0.03251376  0.06753758  0.04549762  0.00495061  0.0733745   0.05419862  0.0044952   0.04407235
  0.04356447  0.02828193  0.0693772   0.07164616  0.03717126  0.04969887  0.0456067   0.03339094  0.03492563  0.01346217  0.04535873 -0.00040604  0.04741349  0.02660391  0.05278996  0.0330803
  0.06608918  0.02707831  0.05830133  0.02064474 -0.02263241  0.02098499  0.01604845  0.0761463   0.03073371  0.04422358  0.07812899  0.03748778  0.04553348  0.0604356   0.05639727  0.05088062
 -0.0082731   0.06429277  0.06489833  0.01648859 -0.01416276  0.06364244  0.02288682  0.03116737  0.05123666  0.01947253  0.03347691  0.04381065  0.05176096 -0.0015893   0.04340172 -0.00230384
  0.03848518  0.04457268  0.02385917  0.0324774   0.04369466  0.04428393  0.03453654  0.01300226  0.06292003  0.07760134  0.03211908  0.03818214  0.01483853  0.05173294  0.01769322 -0.01135754
  0.02480742  0.02637192  0.00141579  0.05917281  0.03899958  0.03095827  0.03606055  0.03089813  0.02025398  0.03815401  0.03331727  0.06207724 -0.00162827  0.06140656  0.04035722  0.0439874
  0.04380032  0.02774681  0.02568589  0.02423159  0.03826411  0.0378379   0.04764048  0.00712756  0.02847006  0.06085768  0.06485021  0.02140985  0.07021158  0.05152225  0.04398732  0.03438928
  0.02883931  0.02939233 -0.00712195  0.06183693  0.04106737  0.07293739  0.0246245   0.06866638  0.02518344  0.06246497  0.03170634  0.02030502  0.05481086  0.00193764  0.02844245  0.05101092
 -0.04831484  0.01200069  0.05361466  0.01887064  0.02999392  0.05680817  0.05512761  0.04915984  0.01827956  0.04764127  0.06686857  0.0507476   0.00785071  0.05987081  0.04659535  0.04485065
  0.04086216  0.04322961  0.03813644  0.05723754  0.04752016  0.0723275   0.03057959  0.0543411   0.01613641  0.06637084  0.03330013  0.07739408  0.03392633  0.07578725  0.02961616  0.03257866
  0.04984386  0.05190474 -0.0097387   0.0466857   0.05558744  0.01803335  0.02099591  0.08317659  0.04284895  0.0170585   0.05145514  0.06938807  0.03043438  0.02402615  0.02548105  0.08194765
  0.0329532   0.00692048  0.01204728  0.03543588 -0.00459777  0.04999771  0.04204085  0.01017074  0.04192964 -0.01771964  0.06050111  0.06459799  0.0440642   0.01063662  0.08047319  0.04992766
  0.03773148  0.03872085 -0.00628792  0.03885877  0.04739257  0.04596626 -0.01017328  0.06638195  0.03035781  0.03929542 -0.00211432  0.02934703  0.02043767  0.03854639  0.05089784  0.02397375
  0.01027596  0.036325    0.0054659   0.02371836  0.02761095  0.05903145  0.06468664  0.01732091  0.020541    0.06581697  0.03044116  0.04404193  0.05971967  0.04544724  0.0272581   0.04147486
  0.01574536  0.0016713   0.0395052   0.05918529  0.04413236 -0.0207134   0.05274973  0.06164078  0.05239294 -0.00795651  0.04247136  0.04173395  0.05599758  0.00891957  0.02676601  0.08592384
  0.08518227  0.05059226  0.03380813  0.06035776  0.06646591  0.06001663  0.02679648  0.00632853  0.05192964  0.04450295 -0.03451819  0.04106907  0.04268373 -0.01222318 -0.00722596  0.06313995
  0.03307205  0.02728204  0.04302113  0.05101634  0.04800414  0.02115438 -0.00552037  0.03564873  0.05222707  0.02097652 -0.00906889  0.05279261  0.01637612  0.02064839  0.03370958  0.07208355
  0.02073931  0.08821478  0.03960764  0.04900423  0.0376392   0.05312272  0.04677392  0.06579077  0.01111338  0.01784761  0.01342208  0.05277327  0.07391674  0.03102048  0.06704807  0.04663969
