-0.17686935 -0.05867975  0.03795229 -0.06935512 -0.1709413  -0.02698976 -0.0323265  -0.12188174 -0.04851787 -0.15985774 -0.07314355  0.0238141  -0.07061697 -0.05854828 -0.17585653 -0.04977431
 -0.10322529  0.00363625 -0.07027505 -0.09567209 -0.00982955 -0.02878079  0.04062803 -0.03373691 -0.07043268 -0.15902983 -0.03018616 -0.09277745 -0.01661717 -0.0217443  -0.15986642  0.03682801
  0.03159075 -0.07594005 -0.0530972  -0.11260381 -0.16715601 -0.00304872 -0.11629848  0.05965732 -0.07597335 -0.04388342 -0.0478495  -0.1415828  -0.04826542 -0.05227157 -0.07060584 -0.07229954
 -0.04298016 -0.09798414 -0.17646523 -0.01249155 -0.0234696  -0.10438905 -0.2565726   0.1116575  -0.06003246  0.01137532  0.07654772 -0.06392119 -0.05448418 -0.14144193  0.04696901  0.03148426
  0.00771162 -0.09943743 -0.123626   -0.05025287 -0.07870688 -0.17172432 -0.03160734  0.02277591 -0.04403412 -0.0021748  -0.01964561 -0.05722995 -0.01844203 -0.02606479 -0.0366733  -0.06611083
 -0.0836485  -0.0176708  -0.05630402 -0.02062862  0.03541011 -0.07953501 -0.01181759 -0.21264824 -0.04620303 -0.09833692 -0.05961866  0.02466161  0.02641002 -0.13855503 -0.1849509  -0.28819445
 -0.10177975 -0.09989385 -0.0772044  -0.03980243 -0.07895797 -0.08235715 -0.09254112 -0.08817641  0.02302803 -0.05105263 -0.10442101 -0.15882121 -0.03563236 -0.08420076 -0.1985276  -0.23402189
 -0.02100379 -0.04920354 -0.02252197 -0.12434272 -0.11299311 -0.00802918 -0.10889068 -0.12392063 -0.1434128  -0.04946804 -0.03838098 -0.11974565 -0.07277965 -0.19217966  0.00858245 -0.12876238
 -0.01768612 -0.10136267 -0.2179247  -0.3931903  -0.02996252 -0.06034648 -0.08036301 -0.01818304 -0.1133277  -0.12650286 -0.10052454 -0.01840582  0.0259439  -0.01479325 -0.07893849 -0.07000984
 -0.17585368  0.09193919 -0.10027929 -0.206823   -0.09188958 -0.03019518 -0.02233706 -0.05058243 -0.11268776  0.06405075 -0.16906078 -0.0455646  -0.1422671  -0.32324082 -0.2671503  -0.00380002
 -0.08230199 -0.1427037  -0.09418821  0.04639661 -0.13935184 -0.20103261 -0.08585825 -0.07307537 -0.16742322 -0.08229964 -0.16689934  0.00651877  0.02333115 -0.11974034 -0.1844357  -0.10683323
 -0.09252357 -0.16533397 -0.10593031 -0.07124982 -0.05388644 -0.02016698 -0.04091689 -0.19347371 -0.03517231 -0.14146459  0.03227535 -0.06279548 -0.06226558 -0.08997585 -0.1860021  -0.08682244
 -0.02877159 -0.11825337 -0.01587344 -0.23708785  0.00808099  0.00375161 -0.08414134 -0.1577756  -0.14705649  0.03315793 -0.16290992 -0.16304186 -0.19885536 -0.05891573  0.00477866 -0.14684017
 -0.08501195 -0.12461434 -0.02264159 -0.12575962 -0.10691251 -0.12987714 -0.07182188 -0.3505641  -0.03891506 -0.13255847 -0.19596824  0.07271973 -0.05095246 -0.06039203 -0.08707775 -0.29719573
 -0.1717748  -0.28393108 -0.07947622 -0.02101602 -0.09469099 -0.08242951  0.02672973 -0.05908514 -0.17268838 -0.12650797  0.03238143 -0.04499423 -0.12692793 -0.05026795  0.01312366 -0.07260923
  0.05240413 -0.01433246 -0.02835067 -0.06759677 -0.17275435 -0.02499077 -0.03075572 -0.15894656 -0.03341444  0.00749411 -0.03471109  0.03299353 -0.00279498 -0.11579655 -0.20421445 -0.06798599
