5.92849441e-02  1.72649659e-02  6.54009059e-02  5.17891496e-02  2.99778618e-02  7.33206868e-02 -1.70877762e-03  7.83208832e-02  7.11895302e-02  5.30471168e-02  6.42404556e-02  4.57642041e-02
  4.52766828e-02  4.83838730e-02  6.45489171e-02  6.33913204e-02  6.86104223e-02  4.04956639e-02  5.65894656e-02  1.82229467e-02  2.91697215e-02  3.22444886e-02  4.38415185e-02  5.83568104e-02
  2.12858934e-02  2.02997942e-02  7.28789568e-02  4.79261167e-02  1.51609015e-02  7.13800490e-02 -5.23365336e-03  2.37351973e-02  2.96247695e-02  5.48919030e-02  4.20318432e-02  4.90900762e-02
  4.10062373e-02  5.74248284e-02  4.58393656e-02  4.43675071e-02 -8.69085605e-04  6.57027885e-02 -6.18020864e-03 -2.89189238e-02  5.07089943e-02  2.36943718e-02  2.49601938e-02  4.36917283e-02
  5.35627306e-02  7.21779466e-02  4.94334064e-02  7.87919089e-02  5.37413917e-02  2.87075285e-02  1.96458939e-02  2.64721382e-02  6.66163638e-02 -1.14036584e-02  2.23064385e-02  2.28355452e-02
  2.05150712e-02  2.71817334e-02  5.17950058e-02  1.98498070e-02  3.29799578e-02  6.56703562e-02  5.91831170e-02  3.65260281e-02  6.02829345e-02 -3.09286173e-03  1.66639853e-02  1.78417675e-02
  5.83534949e-02  4.65311557e-02  7.21046105e-02  6.83313049e-03  1.80892423e-02  2.40773838e-02  6.47894591e-02 -1.42610818e-02  4.34015915e-02  6.26868457e-02  6.93244413e-02  6.95472909e-03
  2.85066031e-02  2.03925353e-02  6.57986924e-02  2.30994672e-02  5.88884987e-02  6.51674345e-02  3.80384848e-02  4.40943204e-02  5.14635779e-02  6.57310858e-02  5.25786541e-02  4.65759933e-02
  5.35710417e-02  1.67987142e-02  7.45216310e-02  5.48207061e-03  4.05007452e-02  3.34106535e-02  4.97418568e-02  4.51902524e-02  3.14137712e-02  3.90165113e-02  3.01360618e-02  3.42373662e-02
  1.96653921e-02  5.00919521e-02  8.54335055e-02  4.83558513e-02  4.81301099e-02  9.69076136e-05  6.36648014e-02  1.34213064e-02  7.15656504e-02  3.81411687e-02  4.54821438e-02  6.24212846e-02
  3.79263274e-02  5.04203439e-02  6.18610531e-02  5.33664040e-03  1.81481894e-02  5.43314368e-02  4.99920286e-02  7.01790676e-02  6.09118678e-02  3.72056663e-02  3.93270440e-02  4.00454924e-02
  3.70992012e-02  1.18462434e-02  5.32058552e-02  3.46474610e-02  6.15883470e-02  5.06296791e-02  4.16938923e-02 -4.15010788e-02  4.50116843e-02  7.04296455e-02 -2.22922005e-02  5.72774448e-02
  6.40114546e-02  5.36261275e-02  3.84047516e-02  4.74321395e-02  3.31257917e-02  4.59189042e-02  5.74553125e-02  1.53106414e-02  3.40732373e-02  5.44043966e-02  7.38494545e-02  5.28925434e-02
  4.12979834e-02  5.24623767e-02  7.22031370e-02  4.61329781e-02  7.27932677e-02  3.14144418e-02  8.66152253e-03  1.40073793e-02  5.49772084e-02  2.96354592e-02  3.38082537e-02  9.26654413e-02
  4.02635336e-02  6.23661987e-02  5.00546880e-02  4.83316146e-02  7.07185939e-02  3.00246980e-02  1.20109068e-02  6.07085377e-02  7.02991933e-02  7.70984143e-02 -3.89776519e-03  2.33147610e-02
  2.24127341e-02  4.34729233e-02  4.49857488e-02  7.72338221e-03  4.11833376e-02  7.33229890e-02  5.78193702e-02  5.65090068e-02  3.14699002e-02  2.94487048e-02  3.09782345e-02  2.86940727e-02
  8.21873471e-02  2.47293077e-02  5.56577034e-02  3.20010222e-02  2.16818489e-02 -1.83326136e-02  2.35540066e-02  3.58359627e-02  2.13166513e-02  4.10013683e-02  3.60404775e-02  8.88485345e-04
  6.33261129e-02  6.37941286e-02  4.44759578e-02  5.09240180e-02  3.88320982e-02  4.28604223e-02  4.32533361e-02  4.31497656e-02  6.78319335e-02  5.44471741e-02  3.64756100e-02  6.23093620e-02
  2.57894266e-02  3.62670384e-02  7.80006945e-02  8.92180055e-02  5.67341559e-02  2.33204085e-02  7.38626868e-02  2.85758823e-02  5.87608404e-02  6.42632321e-02  5.52868173e-02  3.58197019e-02
  7.99799636e-02  3.96177731e-02  3.48374136e-02  4.30306382e-02  2.01401636e-02  4.88349125e-02  1.52664734e-02  6.15323335e-02  6.15711696e-02  1.89634226e-02  3.00579127e-02 -1.60288438e-02
  4.67114151e-02  6.45352229e-02  7.42017478e-02  3.13693285e-02  2.64379829e-02  2.88794748e-02  5.60463630e-02  7.09516481e-02 -9.24004056e-03  6.12681583e-02  6.59348220e-02  1.41510358e-02
  5.18524088e-02  5.61865009e-02  3.04975267e-03  3.21734510e-02  2.07269173e-02  5.84261492e-02  6.87564313e-02  6.10692278e-02  4.65675332e-02  2.00020410e-02  1.58335846e-02  3.00151110e-02
  5.41540124e-02  6.71021566e-02  4.86852042e-02 -7.28540076e-03  8.38876814e-02  4.58002090e-02  6.40764236e-02  5.79039119e-02  5.43555096e-02  5.29769715e-03  6.41968846e-02  4.36780043e-02
  6.69447556e-02  3.85847799e-02  8.00663680e-02  4.23468165e-02  5.51280938e-02  4.62416559e-02  1.02044595e-02  2.88437270e-02  5.54275885e-02  7.57216141e-02  6.19357117e-02  3.33357193e-02
  6.98407218e-02  6.37906715e-02  7.25625455e-02  3.19111235e-02  1.61048770e-02  4.57782596e-02  6.34436160e-02  3.71309593e-02  4.55795266e-02  7.07364902e-02  6.75281063e-02 -1.58136059e-02
  2.85564475e-02  1.91070437e-02  4.25226167e-02  5.49575463e-02  5.89313507e-02 -2.75955535e-02  3.49028744e-02  5.38396239e-02  4.53485139e-02  2.88208053e-02  6.71978518e-02  1.17123304e-02
  5.50641343e-02  4.34586778e-02  5.58480946e-03  5.99196777e-02  4.04353030e-02 -5.16134612e-02  7.63498470e-02  6.15453720e-02  3.33979093e-02  3.01347580e-02 -4.04564571e-03  3.25409472e-02
  5.50444722e-02  5.14972992e-02  6.32665306e-02  6.09168895e-02  6.77501187e-02  5.84781617e-02  3.59718986e-02  3.82859036e-02  3.45268585e-02  4.04427424e-02  3.86275463e-02  5.30534610e-03
  6.23104572e-02  6.05002940e-02  4.01739366e-02  4.97776158e-02  3.94242816e-02  9.87150427e-03  5.65649867e-02  7.45809525e-02  4.27796990e-02  4.40832488e-02  3.35137770e-02  4.97220345e-02
  6.25197440e-02  4.70238589e-02  3.99919413e-02  5.53141087e-02  4.93671298e-02  2.17036121e-02  1.47503745e-02  5.62089384e-02  9.31355506e-02  6.15428574e-02  3.55601460e-02  6.12040535e-02
  6.64340705e-02 -1.08369449e-02  2.65245419e-02  3.95904966e-02  5.39506078e-02  2.41745207e-02  5.19602969e-02  3.22129391e-02  6.30182996e-02  8.45505521e-02  4.82987165e-02  6.28983378e-02
  4.83576022e-02  5.02726175e-02  7.60898218e-02 -9.19695478e-03  4.89793010e-02  5.60045093e-02  4.94303480e-02  4.89773341e-02  5.94175644e-02  9.28714033e-03  6.03490174e-02  4.33829054e-02
  3.85141186e-02  4.02772054e-02  9.14731156e-03  6.02007844e-04  5.94153106e-02  7.06565902e-02  3.15237679e-02  4.62089814e-02  3.06371395e-02  9.29894000e-02  5.36803827e-02  3.26194316e-02
  5.03534451e-02  6.60284087e-02  5.72098382e-02  5.97672276e-02  2.45932247e-02  4.32205237e-02  4.83703474e-03  1.84511263e-02 -1.63136737e-03  1.00417892e-02  6.28396124e-02  5.53069860e-02
  5.74007072e-02  2.60786172e-02  1.46146156e-02 -2.83561321e-03  7.53520727e-02  6.74721822e-02  6.01789244e-02  2.06202008e-02  4.95008826e-02  6.53040921e-03  6.00692593e-02  5.44095449e-02
  6.44275248e-02  5.26114851e-02  5.74128293e-02  4.53024842e-02  5.59498221e-02  5.36462478e-02  3.74730416e-02  5.38548268e-02  6.90156147e-02  4.93062623e-02  6.98939636e-02  6.08978011e-02
  3.52391526e-02  6.43433183e-02  5.26286028e-02  6.97071776e-02  7.22612441e-02  2.64261793e-02  3.31107862e-02  4.03724797e-02  9.96061042e-02  4.01639789e-02  3.91952656e-02 -8.36630445e-03
  3.66272293e-02  4.65033650e-02  4.97038737e-02  4.76759002e-02  7.15868250e-02  2.54707672e-02  4.66451161e-02  4.42894511e-02  3.87285538e-02  7.21137971e-02  4.50378880e-02  3.50931324e-02
  7.63113890e-03  5.46854176e-02  4.32829000e-02  2.07219720e-02  6.21532574e-02  6.30161315e-02  5.12690581e-02  8.29582661e-02  6.45654425e-02  4.34843712e-02  5.21937013e-02  6.53291121e-02
  5.87264970e-02  5.36253229e-02  5.92146665e-02  1.78184453e-02  5.89434132e-02  6.22468106e-02  1.86728723e-02  5.11037000e-02  3.17827947e-02  8.87664631e-02  1.32662445e-01  5.64848483e-02
  7.88699761e-02  2.43612770e-02  5.65649457e-02  3.72821428e-02  3.76478285e-02  3.19915451e-02  7.55281597e-02  4.45871204e-02  4.30895537e-02  2.86853947e-02  5.86321503e-02  4.55774367e-02
  5.20255417e-02  5.59180155e-02  4.54940125e-02  8.00981894e-02  4.95961942e-02  2.40983590e-02  6.86777160e-02  4.82338332e-02  3.82455252e-02  6.44493029e-02  7.05124065e-02  8.73005167e-02
  1.58718750e-02 -3.99626093e-03  4.79456484e-02  5.97626604e-02  3.05512473e-02  4.93900590e-02  3.20139602e-02  5.57412095e-02
