-2.80526429e-02  9.40808877e-02 -5.34466803e-02 -2.36214027e-01  7.97328800e-02 -4.35384773e-02 -1.63682580e-01 -7.91362226e-02  7.19624832e-02  1.29722923e-01 -1.63689345e-01  3.88852246e-02
 -1.83772847e-01  1.04636468e-01  5.30290119e-02 -3.28242071e-02  8.52082446e-02 -7.54716322e-02  1.68781027e-01  1.97653577e-01 -4.27211784e-02 -1.25196865e-02 -4.49280813e-02  6.95213005e-02
  8.89360234e-02  7.56356493e-02 -1.31163612e-01  5.04550338e-02  1.51122436e-01 -4.72435839e-02  5.46429195e-02 -2.20953360e-01 -1.98385403e-01  1.27025574e-01 -1.02226421e-01 -5.96804805e-02
  5.40857064e-03 -4.46105711e-02  1.07008271e-01 -3.30692381e-02  3.42731923e-02  3.52552384e-02 -1.24747932e-01 -6.34104460e-02  3.03646754e-02  1.64581478e-01 -1.08124889e-01 -2.59236425e-01
 -4.92652804e-02  1.78701952e-02  1.20238215e-01  9.00306255e-02  1.11258999e-01  4.67041880e-02 -5.26261004e-03 -8.89492407e-02 -1.67874172e-01  1.05172403e-01  1.94900453e-01 -1.77306235e-01
 -1.10344663e-01 -2.90843546e-02 -9.20214057e-02  1.62944213e-01  7.54702538e-02 -9.70154479e-02 -3.98644013e-03 -9.92338061e-02  8.84267911e-02  1.16943091e-01 -1.87956989e-01  1.13774523e-01
 -1.59165293e-01  1.14145748e-01  1.63814768e-01 -2.21864626e-01  1.24799132e-01 -2.30910450e-01  1.20167427e-01  2.18502730e-02 -1.17779106e-01  1.65625319e-01 -1.41859204e-01 -1.34348527e-01
 -1.75879881e-01  1.53019235e-01  8.22194479e-03  7.77620226e-02 -7.39113316e-02 -4.25923988e-02 -1.48047388e-01  5.08375913e-02 -2.34477699e-01  6.24555647e-02  7.06730187e-02  9.03676972e-02
  1.28335342e-01 -1.35903433e-01 -2.20107622e-02  1.23455584e-01  1.13851652e-01  8.43747556e-02  7.64193684e-02 -1.25178725e-01  1.27702713e-01  1.13928974e-01 -1.55169263e-01  2.16167774e-02
  8.26101452e-02  1.55409262e-01 -6.05447143e-02 -9.15547982e-02 -1.21793821e-01  7.11756805e-03  6.26572594e-02  1.29778236e-01  1.21271104e-01 -2.29869261e-01  1.69022039e-01  1.68510258e-01
  1.10311143e-01  1.33255899e-01  4.40097749e-02  2.80332733e-02 -2.38966852e-01  6.56046392e-03 -2.86968827e-01  2.40134224e-01  1.58425331e-01  7.68251643e-02 -2.51480609e-01  9.50621143e-02
  1.05674453e-01 -1.01257600e-01  8.00614581e-02 -1.51866734e-01 -1.88825101e-01 -1.49370030e-01 -2.57093728e-01  1.00461438e-01 -4.53319959e-03 -8.52583200e-02 -1.57867402e-01  5.64264804e-02
  1.16204269e-01  9.57821310e-02 -6.14186674e-02  1.68161273e-01  1.03533112e-01 -1.90887779e-01 -1.86351612e-01  8.61454383e-02 -1.06861137e-01  7.68611059e-02 -4.52123731e-02 -6.25921832e-03
  1.11750662e-01  7.31127709e-02 -7.38089606e-02 -9.43552256e-02  1.05830267e-01  9.13975835e-02  4.53186184e-02  3.62458713e-02  8.31824839e-02 -1.15595341e-01 -2.82822680e-02  1.15503594e-01
 -4.47950102e-02 -6.86560199e-02 -1.00538962e-01 -1.01588331e-01 -6.36080354e-02 -1.33270891e-02  1.60642549e-01  6.08218648e-02 -1.03271663e-01 -1.20859526e-01  1.09034352e-01 -5.49227074e-02
 -9.48541239e-02  2.25834936e-01 -2.69171596e-01  1.48157522e-01 -2.12637410e-02  6.33018911e-02  1.17971554e-01  2.83678807e-02  1.06164366e-01 -1.63014591e-01  7.87448585e-02 -1.16258292e-02
  1.97691441e-01  6.36649132e-02 -2.02785179e-01  1.69926241e-01 -1.45517200e-01  1.31021425e-01 -5.99691607e-02 -2.23555952e-01 -1.78812027e-01  4.35345899e-03 -1.67361602e-01  1.71527807e-02
 -1.23793565e-01  1.32948965e-01  7.43860155e-02 -1.08989365e-01 -8.67079794e-02 -1.62657648e-01 -3.09617102e-01 -1.27024740e-01  9.62605402e-02 -1.24127604e-01  1.18758619e-01  1.06675208e-01
 -2.41918266e-01  1.46549582e-01  7.93334767e-02  1.98229086e-02  1.40122799e-02 -1.33125940e-02  4.05862406e-02  1.27812698e-01 -1.34044588e-01 -1.15698852e-01  1.12548999e-01  7.09973946e-02
 -1.95531458e-01  9.33227912e-02  1.26577452e-01 -7.05285966e-02  2.62278393e-02  1.09358013e-01  8.47534612e-02  1.38076693e-01 -1.99969262e-01 -1.11917756e-01 -1.28657892e-01  4.67687249e-02
 -1.85998484e-01 -1.36452839e-01  1.15277782e-01  1.08794719e-01  1.67979047e-01 -1.58862546e-01 -1.56405166e-01  9.21522751e-02 -2.23662108e-01 -1.13902137e-01 -1.20836310e-01  3.64977233e-02
 -1.01832055e-01  1.10676967e-01 -4.42218855e-02  8.83728117e-02 -4.06060852e-02  1.38781354e-01  1.46302059e-01  9.35339406e-02  1.59002408e-01  8.90571997e-02 -9.57862288e-02  9.14110541e-02
  7.37452209e-02 -6.30320162e-02 -7.56835490e-02 -7.56498054e-02  6.04228973e-02  1.13963716e-01  9.21431854e-02  6.49452880e-02 -1.92980036e-01  1.05042338e-01  9.53451991e-02  8.29175413e-02
  9.65285301e-02 -3.85526642e-02 -1.03009716e-01  1.44260630e-01  1.44980654e-01 -1.33169070e-01 -5.15128076e-02 -7.53883272e-02 -1.23132542e-01  8.57266784e-02  5.59271453e-03  1.17724866e-01
  8.58386606e-02  1.10621810e-01  8.45770836e-02  8.90932530e-02 -1.80443689e-01  1.49247482e-01 -1.27321541e-01  1.25780463e-01 -1.34762138e-01 -2.03448713e-01  2.31900923e-02 -2.47262850e-01
 -6.28006086e-02  1.39902160e-01  9.48949531e-02 -7.92973042e-02  1.20810121e-01  1.35036260e-01 -6.88824952e-02  8.40100572e-02 -1.44271538e-01 -1.43988077e-02 -2.02240825e-01 -2.11225450e-02
 -1.11415640e-01  8.58852416e-02  1.30973801e-01 -9.75532755e-02  9.99806374e-02 -5.50115071e-02  5.81239350e-02 -4.55881581e-02  1.05191298e-01 -1.01830319e-01 -8.10676441e-02 -6.43988922e-02
  7.64193311e-02  4.58899215e-02  1.10485159e-01  1.43106580e-01  1.31508946e-01  1.49924979e-01 -1.91773593e-01 -1.37366787e-01  1.26939371e-01  2.42712185e-01  1.27985537e-01  4.10265625e-02
 -2.08382055e-01 -2.35397909e-02  2.18121797e-01 -2.01244995e-01 -1.28475735e-02 -9.53441486e-02  1.13826454e-01 -3.92886214e-02  1.75941050e-01 -2.15566568e-02  6.95925131e-02 -6.79429621e-02
 -1.27807483e-01  1.09464273e-01 -1.31146282e-01  1.18956678e-01  1.25183761e-01 -1.81126550e-01 -2.33461466e-02 -1.82381328e-02 -1.04151629e-01  3.64378691e-02 -1.51308745e-01  3.11233439e-02
  6.64550290e-02 -2.82084383e-03 -5.62355891e-02 -3.99637334e-02 -1.53145775e-01 -1.25254676e-01  1.67267755e-01  1.14159666e-01  2.03416318e-01  1.68887854e-01 -1.00859486e-01  9.84742939e-02
  9.21382606e-02  1.01095833e-01  1.41897544e-01 -8.65005925e-02 -3.98641266e-02  2.66555580e-03 -1.00350618e-01 -3.25490534e-02  1.37262821e-01 -2.23969311e-01 -7.96196461e-02  3.07609909e-03
 -2.31088132e-01  7.51667842e-02  1.41439244e-01  7.87748955e-03  2.38623470e-02  7.60782510e-02  7.54474625e-02  8.88283774e-02  1.44384831e-01  9.54600945e-02  1.52586669e-01  9.96642113e-02
  1.78672880e-01 -4.01326716e-02 -1.69776022e-01 -2.22892210e-01  1.92237824e-01 -1.55747384e-02  8.89753401e-02 -1.73107444e-04  7.51243606e-02  1.14815675e-01  2.20612269e-02  1.37696743e-01
  8.90963227e-02  5.71150221e-02 -1.72408342e-01  8.90169814e-02 -1.57312796e-01  9.09574032e-02  2.03459784e-02  1.07767038e-01 -8.08366686e-02  5.53493481e-03  5.02353534e-02  4.53133881e-03
  8.21794346e-02 -5.49949147e-02 -2.88230032e-01  1.11656405e-01 -1.45038087e-02  2.14432254e-01  3.85278314e-02  6.63387254e-02 -1.80006444e-01  6.05674088e-02 -8.63611549e-02 -1.13762699e-01
  9.66721326e-02  6.72189519e-02 -1.33754745e-01  1.06468230e-01 -1.21296555e-01 -1.34282708e-01  7.39301816e-02  7.83073604e-02  3.20508294e-02  9.01299864e-02 -2.27606103e-01  1.37795150e-01
  1.12746932e-01  1.02887906e-01  1.15915053e-01 -1.50437966e-01  4.83634472e-02  9.78580192e-02  7.04839304e-02  1.65101305e-01  9.32583436e-02  5.60431853e-02 -6.69913292e-02 -7.72313923e-02
 -1.05731010e-01 -1.22086190e-01  1.63854986e-01 -9.07844603e-02  1.38313621e-01  1.15658738e-01 -1.44299209e-01  1.33156523e-01  1.24109834e-02  1.60322934e-01 -7.62992203e-02  1.94460452e-01
  9.87956151e-02  1.57561138e-01  1.64250165e-01 -7.93690309e-02 -2.22604163e-03  1.43331230e-01  8.19642544e-02 -1.48587689e-01 -2.97477022e-02 -2.25271046e-01 -1.50577769e-01 -1.96689546e-01
  5.48405163e-02 -6.50776103e-02  1.04024209e-01  3.84571999e-02 -1.11709170e-01  9.69707668e-02  6.44484460e-02 -6.38761148e-02  1.15194507e-01 -1.55127555e-01  9.77727026e-02  8.94729048e-03
  1.00720741e-01 -1.42018408e-01  4.23657708e-02  8.58305991e-02 -2.13528484e-01  4.78519388e-02  7.79924765e-02  9.89530534e-02 -7.92709887e-02 -6.53631538e-02  7.36233592e-02 -6.94978163e-02
  8.57215002e-03 -2.23433837e-01  9.07557383e-02 -3.95893827e-02  1.21665709e-01  5.52268028e-02  5.17017627e-03  6.91149756e-02 -2.00147420e-01  3.70431505e-02 -7.05077276e-02 -1.25878319e-01
 -1.52688965e-01 -5.00261411e-02 -1.70201764e-01 -1.37897030e-01 -9.27933306e-02  4.51163426e-02 -7.58873448e-02  1.15057617e-01 -1.66897759e-01  9.46433246e-02 -8.26901644e-02 -2.60732174e-01
 -1.36713639e-01  8.56415853e-02 -1.80560276e-01  1.06779523e-01  1.59669444e-02  2.10397691e-01 -1.77613899e-01  1.12954564e-01 -2.00586006e-01  1.58174530e-01  4.03881446e-02 -1.65242478e-01
 -1.80950776e-01 -9.09735113e-02 -1.35296017e-01 -1.79934636e-01  6.45484850e-02 -1.87151104e-01 -1.08477548e-01 -1.18659548e-01 -1.28188968e-01  1.41184762e-01 -1.89115524e-01 -1.34926453e-01
  4.22673710e-02  3.47696654e-02 -1.05406821e-01 -9.25426036e-02 -1.46546677e-01  1.42010912e-01 -2.11890802e-01 -2.27438599e-01  8.91411528e-02  9.93798301e-02  4.53094533e-03  6.80631697e-02
 -5.97772226e-02 -1.60546139e-01 -4.27047443e-03 -1.89057440e-01  1.84388608e-01 -2.27430686e-01 -1.49331167e-01 -1.55631661e-01  1.89101711e-01 -2.11703122e-01 -1.42981395e-01 -2.98533682e-02
  1.37067854e-01 -1.13357581e-01 -9.36357379e-02  1.67067155e-01 -9.01363194e-02 -1.40039593e-01 -1.22129470e-01 -2.61986196e-01 -1.78487197e-01 -2.86072910e-01 -1.51524648e-01 -1.05383784e-01
  1.79533586e-01  1.84086397e-01 -1.36156499e-01 -3.03939022e-02  1.04632035e-01  1.82230279e-01 -1.06697030e-01 -1.06936947e-01  5.02812602e-02  2.37170428e-01  6.39753509e-03  1.97191030e-01
 -1.59150407e-01 -1.67324185e-01 -1.37303591e-01 -1.35929450e-01  1.49268433e-01 -1.66885301e-01 -1.83530986e-01  1.28025621e-01 -8.12104195e-02 -1.79609269e-01 -1.96854789e-02 -2.02330217e-01
 -2.19496936e-01  1.78910464e-01  7.42155984e-02 -1.75380096e-01 -1.86999679e-01  1.19415641e-01 -2.54109129e-03 -2.30819032e-01  7.14128464e-02 -4.78862636e-02  1.14884727e-01 -1.15971737e-01
 -1.09308086e-01 -1.88040718e-01  7.88343102e-02  1.99943081e-01 -1.04078561e-01 -4.54999283e-02  7.28315935e-02 -8.16881880e-02  2.23714322e-01  1.99944317e-01 -8.14165920e-02 -1.92456022e-01
 -2.05182880e-01  1.74750984e-01 -9.45877954e-02  1.14655435e-01  1.98353648e-01 -1.94771871e-01 -1.64543390e-01 -1.25033766e-01 -1.85659528e-01 -6.50842637e-02  1.61420986e-01 -1.32909596e-01
 -1.86129376e-01 -1.45857617e-01  3.40500623e-02 -3.75039130e-03 -7.36823454e-02 -1.14070825e-01 -1.06898062e-01  7.52978474e-02 -1.20831825e-01 -9.62529555e-02  2.21945629e-01 -9.52373147e-02
  1.75405756e-01  1.05293773e-01 -1.29308790e-01  1.40452221e-01 -2.93955728e-02 -1.03614613e-01  1.79841116e-01 -4.90353107e-02  1.44133508e-01  1.47089466e-01 -1.33057281e-01  1.66816384e-01
 -1.13926291e-01  8.88079554e-02  1.69067651e-01 -2.19285294e-01  1.88720509e-01 -7.80730024e-02  1.43224671e-01  1.06687352e-01 -1.26077518e-01  1.28775597e-01  1.92702562e-01  1.18289620e-01
  1.50927350e-01 -1.68124199e-01  1.97183102e-01 -1.13275662e-01 -1.30645722e-01 -1.17938727e-01 -1.22775920e-01 -8.11269283e-02 -8.40037465e-02  2.51301434e-02 -8.36151168e-02 -1.56290993e-01
  1.20167568e-01 -1.40828446e-01 -8.26208368e-02  1.24639690e-01 -1.48589984e-01  1.37826055e-01  8.33585709e-02 -1.32066607e-01  1.10233992e-01 -1.24566881e-02 -2.22092401e-02 -9.51417610e-02
 -2.09167302e-01 -3.39811854e-02 -2.58058488e-01  1.43887088e-01  9.41599756e-02 -9.16618258e-02  1.37518153e-01  5.88604659e-02  1.22852936e-01  2.36849906e-03  1.07473500e-01  1.20152034e-01
 -1.37092441e-01  8.65873396e-02  1.37441099e-01 -4.80335429e-02  1.77121952e-01 -8.18891749e-02 -1.92038432e-01 -1.32862672e-01 -1.57965571e-01 -1.55689225e-01  1.11167468e-01 -3.82675864e-02
  2.84631290e-02 -1.53763458e-01  1.36835381e-01 -1.71737790e-01 -5.90867549e-02  4.24740389e-02 -4.15292345e-02 -1.00722797e-01 -1.59271553e-01  6.52204156e-02  8.43959600e-02 -1.13938473e-01
  9.46663916e-02 -1.05927385e-01 -1.86746493e-01  1.02852650e-01  9.09275264e-02 -3.77808698e-02 -6.67653680e-02  1.37589514e-01 -1.17808603e-01 -1.67583808e-01 -1.47139942e-02 -2.08114237e-01
  1.57248303e-01  1.82412326e-01 -1.46475121e-01 -1.62673146e-01 -1.86164096e-01 -3.26244757e-02 -1.67060047e-02  9.99747962e-02 -2.23123580e-01  1.46086710e-02 -1.41336769e-01 -2.50850528e-01
  1.97906330e-01  1.17473856e-01 -1.43372804e-01 -1.72506377e-01 -1.47264868e-01  5.71382679e-02  1.76056667e-04 -1.04692027e-01  8.05172175e-02  1.63838357e-01  5.56131005e-02  5.45487292e-02
  1.99402601e-01 -1.22760281e-01  1.17712811e-01 -1.75634459e-01  6.11382984e-02  1.77868381e-01 -1.12322055e-01 -7.99476430e-02  2.21146569e-01 -1.38769820e-01  1.00688753e-03  1.43205673e-01
  1.96291253e-01 -1.94142506e-01  7.77367353e-02 -2.39225760e-01 -1.79337636e-01 -2.08386302e-01 -1.92636549e-02  1.23921201e-01 -2.21686155e-01 -1.72906280e-01 -9.36347991e-02  1.61279887e-01
  1.25893876e-01  5.26155569e-02 -8.57474133e-02 -1.72382385e-01  1.08406805e-02  1.75295979e-01 -4.93503511e-02 -8.33603591e-02  1.18083775e-01  1.61424041e-01  2.71564811e-01  6.33980259e-02
 -5.59413899e-03 -9.23592970e-02  2.11417273e-01 -1.42573506e-01  1.71797037e-01 -6.79866076e-02  1.07720375e-01  1.55583292e-01 -1.77087337e-01  1.73651055e-01  1.12686707e-02 -4.95966487e-02
  1.44493505e-01 -1.11034356e-01 -7.10266680e-02 -1.35158896e-01  5.30338623e-02 -1.26897529e-01  8.39090571e-02  1.60985097e-01  1.93684727e-01  9.03559253e-02 -1.79777034e-02 -1.09496936e-01
 -1.24427825e-01 -1.26828879e-01 -1.79578811e-01 -2.43967995e-02 -5.54954149e-02 -1.29972890e-01  2.31705934e-01  2.12190360e-01 -1.50972918e-01  1.53202981e-01  1.64451808e-01  1.62559927e-01
 -1.25723898e-01 -1.33991569e-01 -6.36019036e-02  1.86881438e-01  2.24542916e-01  1.48676068e-01 -6.24400340e-02  4.29050950e-03  7.73211047e-02  1.36466667e-01 -6.09840862e-02  1.38602242e-01
  1.62879750e-01 -2.71552503e-01  1.74204230e-01  8.71432424e-02 -1.57104969e-01 -1.80157095e-01 -2.94242073e-02  2.54572593e-02  1.47658005e-01  1.49665251e-01  1.77844353e-02 -6.67990893e-02
 -1.06441289e-01  1.10754661e-01  3.01265419e-02  2.41338804e-01  1.52831197e-01  2.13353783e-01  5.87569103e-02 -2.05798462e-01 -9.65082049e-02 -1.65347308e-01  1.14059538e-01 -5.13254292e-02
  4.03504036e-02 -2.88992114e-02 -1.73060104e-01  6.01364262e-02 -6.83702752e-02 -2.57584006e-01 -1.91837549e-01  1.99945807e-01  1.50005877e-01 -1.14045739e-01  3.94356549e-02  6.18714653e-03
 -1.64798319e-01  3.61371934e-02  1.10462256e-01  5.43647632e-02 -7.91179538e-02 -2.01291069e-01  2.12728754e-01 -7.92350248e-02 -8.21361244e-02 -1.64453983e-02  1.55019835e-01  1.12347148e-01
 -1.27240688e-01  4.71285470e-02 -2.07834914e-01  1.32243738e-01 -2.40031481e-01 -2.06678092e-01  9.97224003e-02  1.58194318e-01 -2.20448151e-02 -2.66856045e-01 -6.15405627e-02 -1.15561433e-01
 -2.06837386e-01  3.84475850e-02 -1.51497975e-01 -1.66991100e-01 -1.26874015e-01  9.78184864e-02  1.40525118e-01 -1.52079418e-01  1.52154550e-01  1.62614107e-01 -2.04517692e-01 -5.35301268e-02
 -9.89256650e-02  2.49914173e-02  9.99459624e-02 -1.26939103e-01  1.66614488e-01  1.12687416e-01 -1.58649102e-01 -1.52796730e-01  1.59053907e-01  2.20764562e-01 -1.34220555e-01  1.31646777e-02
 -1.72517598e-01 -1.54977828e-01 -1.05573416e-01  3.97565290e-02 -1.34264141e-01  5.47715090e-02  1.52396038e-01  1.65293708e-01 -1.20246574e-01 -2.57871002e-01 -6.85323030e-02 -7.44482595e-03
  1.52416050e-01  6.57404959e-02 -7.00562224e-02 -2.60511398e-01 -4.58668694e-02  7.84574822e-02 -1.60953373e-01  7.24764764e-02 -1.17203593e-01  1.27704620e-01  2.09606782e-01 -1.22509999e-02
 -1.18301429e-01 -2.00427040e-01  7.34244287e-02  1.14387766e-01 -1.13946363e-01  3.52050662e-02 -1.21740714e-01 -1.80205613e-01 -4.62592691e-02  1.01354815e-01 -3.62018757e-02 -5.74743636e-02
  1.45668700e-01 -1.08712710e-01  3.84251140e-02  3.57195884e-02 -1.05267555e-01  2.37517171e-02  1.46962225e-01 -1.45228535e-01 -2.11850345e-01 -1.43232942e-01 -1.38281491e-02  6.26808032e-03
  2.25664273e-01 -1.08478405e-01  1.30472049e-01  7.57299960e-02  1.42314777e-01 -2.30027065e-02 -1.36641189e-01  1.24916591e-01  1.41592681e-01  1.38000652e-01 -1.65660679e-01  1.62142783e-01
 -1.15432464e-01  5.28290533e-02 -1.03491813e-01 -9.13849697e-02 -9.57906172e-02 -6.47043139e-02  2.11574882e-01  8.06453675e-02 -1.71045065e-02 -2.35441536e-01 -1.17938913e-01  7.95318857e-02
 -4.93119694e-02  2.46788546e-01 -1.29809380e-01 -1.42654344e-01  8.18229988e-02  1.43086351e-02 -1.45802975e-01 -1.85788333e-01  1.05356507e-01 -1.48664966e-01  1.58085033e-01  1.26092300e-01
  1.25305533e-01  6.07241020e-02 -1.15713932e-01  7.12994337e-02 -1.29488885e-01  6.12283982e-02  2.51997337e-02  6.39136732e-02 -2.37562150e-01 -8.64363462e-02  9.57337767e-02 -1.45138472e-01
  8.52644369e-02 -1.33487597e-01  1.28857493e-01 -1.01027168e-01  8.91393423e-02 -1.58068836e-01  1.16019897e-01  4.68868949e-02  1.12442605e-01  8.56229961e-02  7.92344883e-02  8.85888338e-02
  5.93082942e-02  3.80188525e-02  4.64945696e-02  6.17384277e-02 -6.10625371e-02 -1.45175010e-01  4.66547273e-02  1.13239117e-01 -1.28390074e-01 -2.03273539e-03  1.80285588e-01 -7.39991814e-02
 -8.27028751e-02 -1.04415476e-01 -2.06020232e-02  1.26411051e-01  3.52429226e-02  3.28103080e-02  9.14524496e-02  9.87414643e-02  7.33224452e-02 -6.80458397e-02 -5.16298413e-02  1.24216117e-01
 -1.05994031e-01  6.32933155e-03  6.21813238e-02  1.75820068e-02 -1.13195501e-01  9.42576006e-02 -8.91674776e-03 -1.04107589e-01 -8.05711672e-02 -4.36018668e-02  1.27765983e-01  6.20358512e-02
  1.14799492e-01  1.01666801e-01  1.23942040e-01  1.16527535e-01  1.70550138e-01  1.46844685e-02 -1.09909683e-01 -8.07714835e-02 -1.02247782e-01  8.01043734e-02  1.39282048e-01  1.27183616e-01
 -2.18652949e-01 -8.49337876e-02 -7.53916427e-02  1.59652337e-01  2.03153770e-02  3.07640955e-02 -1.37633486e-02 -1.28266543e-01  5.81137575e-02  9.06258449e-03  1.30141690e-01  4.73237969e-02
 -1.30362719e-01  8.70626569e-02 -8.72701406e-02 -1.91506341e-01  1.38521284e-01  1.73722103e-01 -1.30296260e-01 -3.58696133e-02 -8.98245573e-02 -2.61871088e-02  5.92445582e-02  6.61764592e-02
  1.48742363e-01  5.69630414e-03 -1.90732166e-01 -9.00248587e-02 -1.13779068e-01  2.87596378e-02 -1.55744150e-01 -1.05105840e-01 -9.29713771e-02  1.78468794e-01 -3.39855370e-03 -1.10012531e-01
 -7.95443654e-02  1.15035854e-01 -3.26262191e-02  1.14114828e-01  5.14046587e-02 -9.27126408e-02  3.10194101e-02 -8.59330129e-03  1.47820890e-01 -1.51106268e-01 -1.41721994e-01 -4.80975956e-02
 -3.48400883e-02  9.67096984e-02 -6.43395931e-02 -1.16050683e-01 -6.82091515e-04  9.15101320e-02  7.46081173e-02 -2.10737903e-02  1.24972925e-01  1.49734095e-01 -5.00830673e-02  1.34414196e-01
 -9.09549221e-02  8.26413035e-02 -5.93485758e-02  6.82153914e-04  1.30679920e-01 -2.11262509e-01  5.77130988e-02  1.59056500e-01 -7.42532462e-02  4.59776968e-02  1.57367051e-01 -1.81475386e-01
 -3.70578580e-02  1.52872950e-01  2.52216384e-02 -2.15836674e-01 -1.94103971e-01  5.67001998e-02  2.49434441e-01  8.43108341e-04  1.01159066e-01  6.82160482e-02 -1.42680645e-01  6.21362068e-02
  4.96417359e-02  6.45874739e-02  2.40126252e-02 -1.10466562e-01  1.74757063e-01  8.65578651e-02  4.40408960e-02  1.54333293e-01  1.59768388e-01  9.76176783e-02  3.01821418e-02  1.36515737e-01
 -1.09364271e-01 -8.98373723e-02 -5.55348992e-02  2.08543669e-02 -1.13583639e-01 -4.58783582e-02  1.22440711e-01  1.10685423e-01 -1.36925578e-01  7.14055449e-02  1.06698796e-01 -1.18304864e-01
  5.51258363e-02 -6.69797212e-02  1.51562905e-02 -3.88783514e-02 -3.08104046e-02 -2.17844993e-02  1.07055634e-01 -5.43642305e-02 -1.22650281e-01 -8.42008218e-02  1.32632807e-01  5.07619567e-02
  6.42576963e-02 -2.85020936e-02 -1.76077727e-02  5.76695167e-02 -8.23581740e-02  1.17270805e-01 -1.68955907e-01 -1.25981748e-01  1.54531002e-01  9.12737548e-02  1.85698480e-03  9.74772871e-02
 -1.35874689e-01 -1.22189634e-02  3.33309546e-02  6.37594983e-02  1.43296465e-01  1.44282401e-01  8.22282955e-02  8.22681487e-02  2.87642777e-02  3.56378779e-02 -4.97825108e-02  1.50606364e-01
  6.94866925e-02  2.95634735e-02  1.36131689e-01 -1.07262470e-01  5.13644814e-02 -1.24062714e-03  8.42413679e-02  1.64226592e-01 -1.97870225e-01 -1.15692362e-01  1.15599096e-01  6.37568310e-02
  4.97848094e-02 -6.76652044e-02 -1.47793800e-01  2.12223213e-02 -4.88913693e-02  1.01292104e-01 -5.07252440e-02  6.15793988e-02 -1.36507735e-01  8.08933675e-02  1.25440761e-01  7.36683011e-02
  1.47605434e-01  9.15034339e-02 -1.23557381e-01  1.42978340e-01  1.57443404e-01  1.04228996e-01  1.65249497e-01  4.97449189e-02 -1.06893651e-01 -2.55828500e-02  3.18132639e-02  9.95960534e-02
  4.49829549e-02  1.17805608e-01 -1.32097295e-02  5.21587059e-02  5.63469566e-02  8.59127194e-02  7.30312914e-02  2.19762459e-01  1.04586855e-01 -2.15043803e-03  1.19625174e-01  1.42993201e-02
 -2.30955526e-01  7.77750686e-02 -1.31523415e-01  3.81890908e-02 -1.22583985e-01  1.24779657e-01 -5.95572442e-02  1.76711470e-01 -2.09863514e-01  1.00600891e-01  1.06615931e-01 -6.41699508e-02
  1.40968665e-01  1.52279273e-01 -2.64060609e-02  1.02002285e-01  1.18369393e-01  1.31979734e-01  1.32296025e-03 -1.85521767e-02  6.94286823e-02  1.32260412e-01  6.78468496e-02  1.42055884e-01
  1.31328732e-01 -1.93157606e-02 -6.07140809e-02  8.95566642e-02 -1.40417576e-01 -1.00799799e-01 -5.16044497e-02  1.18201353e-01  1.50779188e-01 -9.02032852e-02  2.11994573e-02  3.06890327e-02
 -1.16734527e-01 -1.32842973e-01  5.10781147e-02  8.19792226e-02 -3.35891582e-02  1.42357588e-01  4.90444563e-02  1.48340017e-01 -1.77924514e-01  6.06488474e-02  7.58056715e-02  1.35823369e-01
  1.76804420e-02 -6.37345612e-02 -1.40107676e-01 -9.34590846e-02 -4.08902653e-02  1.89011008e-01 -1.13634571e-01  1.04509912e-01  9.56489667e-02  8.13017711e-02 -9.07112733e-02 -1.28317222e-01
  1.52845262e-02  1.46976531e-01 -1.97180152e-01 -3.28010619e-02  1.40392631e-01 -7.35891461e-02 -1.17012858e-01  8.87345821e-02  1.38572454e-01  1.36178374e-01  1.17792651e-01 -2.16355585e-02
 -1.18866959e-03  7.88081214e-02  5.56267835e-02  7.90399387e-02 -3.89344692e-02  1.28473490e-01 -9.17752832e-02 -1.87418953e-01 -7.82050490e-02  5.73533624e-02 -1.65448800e-01  4.60953750e-02
  8.99612084e-02  7.77326226e-02  1.94346551e-02 -1.75369576e-01 -4.51698415e-02  1.01527505e-01  6.52039349e-02 -6.79715723e-02  1.14462443e-01 -1.61902551e-02  1.74889695e-02 -1.10320881e-01
 -1.25879481e-01 -1.58462137e-01 -9.35286805e-02 -7.32503682e-02 -9.35825929e-02  1.71032295e-01  1.14512436e-01  9.48848724e-02  1.59246981e-01 -3.62838432e-02  2.59075090e-02  8.87400806e-02
  1.15971215e-01  1.71348751e-01 -1.05142921e-01 -9.52138528e-02 -1.67554006e-01  3.24923061e-02  1.04742005e-01 -1.88085526e-01 -1.86387613e-01  8.24283510e-02  8.37381557e-02  8.38331133e-02
  1.42826214e-01  5.51232835e-03 -6.51629567e-02  8.52429792e-02 -9.70881358e-02  7.07739964e-02  6.88425675e-02  9.57263485e-02  2.01978579e-01 -2.77279858e-02  8.55063424e-02 -4.63773273e-02
  7.30947331e-02  1.35268211e-01  7.05012903e-02  1.16616502e-01  7.05849826e-02  6.00520894e-02 -2.35001817e-01  1.01960734e-01 -7.22680092e-02 -3.94002087e-02 -1.10750072e-01  8.37902352e-02
 -5.23000248e-02 -7.04629794e-02 -4.76562232e-02  2.38169320e-02  9.49184522e-02 -4.88219038e-02  6.63247406e-02  9.23107415e-02 -1.19619228e-01 -4.14347164e-02  5.79762869e-02 -1.40878290e-01
  4.87227505e-03 -1.39366806e-01  1.48090005e-01 -1.23015098e-01 -8.92603397e-02  3.22314491e-03  1.31710336e-01  7.32506365e-02  4.01101746e-02 -5.42857870e-02  5.65271638e-02  1.07076958e-01
 -6.34580106e-02  2.90999357e-02 -4.98244949e-02 -8.69876593e-02 -1.60390344e-02  1.19441912e-01 -1.45169437e-01 -5.06161600e-02  7.04598874e-02 -1.33191898e-01  4.10399996e-02  1.75236717e-01
 -1.68490276e-01  1.07658178e-01 -3.30464654e-02  1.34297207e-01  1.37975723e-01  1.17666274e-01 -1.04519978e-01 -1.20944552e-01  1.60173267e-01  1.10219203e-01  1.01812720e-01 -1.19219922e-01
 -1.83117807e-01  1.28951743e-01  5.26478030e-02  1.22319475e-01 -6.35290816e-02 -1.68917045e-01  7.12309182e-02  1.43916264e-01  4.44489121e-02 -1.31674543e-01 -2.51807600e-01  1.20008595e-01
  1.54140636e-01 -3.32656875e-02 -2.46132180e-01  1.92914918e-01  8.29688013e-02  1.92299888e-01  8.33801031e-02  4.12202366e-02 -1.31774053e-01  1.26242325e-01 -6.56077564e-02  1.33821204e-01
 -2.66320974e-01  8.46938603e-03 -7.62604177e-02  5.20515293e-02  9.19768214e-02 -3.30493562e-02  1.36973500e-01 -2.45440036e-01  3.37954983e-02  8.87486264e-02 -1.18930064e-01  4.87762094e-02
  1.64916232e-01 -6.27174750e-02  5.95010724e-03 -6.08112738e-02 -1.12141840e-01  6.70970976e-02  1.18649893e-01 -1.61030143e-01  5.52867688e-02 -8.32376704e-02 -7.01074153e-02 -2.75027364e-01
  9.75693166e-02 -1.02500275e-01  1.37937471e-01 -5.91361783e-02 -9.93935838e-02 -1.98759362e-02  1.56690732e-01  1.36901081e-01 -1.36298522e-01 -7.33909830e-02 -1.40368983e-01 -1.27003208e-01
  1.01687767e-01 -3.88422571e-02 -1.66636750e-01  8.34689364e-02  8.42304006e-02  1.69378757e-01 -1.41266668e-02 -1.00681305e-01 -1.60114586e-01 -5.63353747e-02  1.14449829e-01  2.18821950e-02
  4.59506735e-02  2.60833111e-02  1.28279150e-01  4.16809022e-02  8.96430314e-02  1.02460317e-01 -4.39029336e-02  6.46233261e-02 -4.78027388e-02  1.36049371e-02  3.74044403e-02  5.12136519e-02
  1.38914824e-01 -1.32747263e-01 -7.60738775e-02  8.08432028e-02 -1.05232606e-02  6.28922209e-02 -8.43445212e-02  1.00968778e-01  2.96126734e-02 -1.23084009e-01 -5.09748794e-02  1.27637163e-01
 -1.01583168e-01  5.79965450e-02 -9.28754732e-02  1.08649181e-02  5.78361079e-02  1.08384199e-01 -7.38679096e-02  2.15460476e-03  8.32433999e-02  1.67728346e-02  7.55169466e-02  1.44856289e-01
 -1.34850577e-01 -1.58969283e-01  5.09375259e-02 -1.25405908e-01 -1.48687914e-01  1.99403614e-01 -1.16133004e-01 -1.17343031e-01 -6.05683681e-03 -6.68150038e-02  1.06703974e-01  3.91378328e-02
  1.28435150e-01  1.34946689e-01 -1.68386046e-02 -1.43164387e-02  1.47344982e-02  5.39115183e-02  6.54552504e-02 -1.78831905e-01 -4.75858413e-02 -9.85955074e-02  1.40173689e-01  1.47189632e-01
  1.40987411e-01 -1.31554469e-01  2.31805965e-02  6.35913061e-03  1.65740669e-01  1.44163474e-01  1.18551292e-01  3.64196189e-02  8.17571282e-02  1.28112227e-01  4.88010310e-02  7.29005486e-02
 -1.33148298e-01  1.08713791e-01  1.94934700e-02 -2.18810271e-02  1.10716641e-01 -1.06719472e-01  1.35877971e-02  9.04956609e-02  7.31724799e-02 -1.87810093e-01 -1.19665205e-01  9.63823125e-02
 -1.38042241e-01  1.36260942e-01 -1.00597456e-01 -8.01697671e-02 -5.15990630e-02  6.84067383e-02 -2.21811440e-02  8.90378803e-02  8.68747234e-02  7.79195055e-02 -5.44949174e-02 -1.16971858e-01
  9.45624560e-02 -1.15194388e-01 -8.36191252e-02  1.84147149e-01  1.68426543e-01 -8.07021782e-02  3.89255844e-02  1.12190507e-01 -8.28839019e-02  6.35098815e-02  6.95830286e-02  5.22663556e-02
  1.31812274e-01  1.70628950e-01 -7.57268816e-02 -1.70307439e-02 -2.86735632e-02  1.29675865e-01 -2.61002362e-01  1.15316555e-01  1.49083003e-01  1.04236104e-01  1.14237122e-01  3.95538844e-02
  1.20433249e-01  8.16689730e-02 -1.14799760e-01 -1.99829236e-01 -1.07478341e-02 -2.97473948e-02  4.87007499e-02 -2.70786613e-01  1.19580194e-01  9.36979204e-02 -8.57999995e-02  9.20261815e-02
  7.81424344e-02 -1.44006923e-01 -1.41199641e-02  5.51083349e-02 -1.40302524e-01 -1.29911890e-02 -1.96345121e-01  7.33608473e-03 -1.66207626e-01  9.42678675e-02 -1.59363598e-01 -1.39469460e-01
  5.41379526e-02 -7.50952736e-02  8.55081007e-02 -8.54383335e-02 -7.84657151e-02  1.45115331e-01 -1.50991246e-01  2.79612467e-02  1.84111863e-01  2.03529119e-01  1.07245252e-01  1.47689313e-01
  1.22157991e-01  4.80919033e-02 -7.55558833e-02  1.07344516e-01  1.44633241e-02  8.47930536e-02  6.56159669e-02 -1.14578895e-01 -1.53134346e-01  1.20162554e-01  3.76494937e-02  9.33542699e-02
 -2.73002125e-02  8.32063407e-02 -5.98892979e-02  1.80763721e-01  1.32855684e-01  7.89815411e-02  6.71775341e-02  5.17487340e-02  4.86621372e-02  5.34639955e-02  8.21786374e-02 -1.03824034e-01
 -8.09971914e-02  1.10175855e-01 -1.70669347e-01 -1.79899465e-02  4.61999178e-02  5.96046299e-02  6.05924167e-02  1.30765483e-01 -7.32245669e-03 -5.96412160e-02  1.55334204e-01 -1.45452365e-01
  3.81777771e-02  4.05983534e-03 -6.62356839e-02 -1.08672306e-01 -2.35447198e-01  1.09602906e-01 -3.91439460e-02 -2.33665407e-02  8.38459060e-02 -1.18948862e-01  8.45689923e-02 -1.70375317e-01
  7.88796693e-02 -2.31279925e-01 -1.35538325e-01  1.18618175e-01 -2.02186584e-01  9.41503122e-02 -3.12058683e-02  9.45358872e-02  8.04101396e-03  3.47992629e-02  3.47151682e-02 -1.81643784e-01
 -1.91522297e-02 -9.69469100e-02  1.38961270e-01  1.07930191e-01 -2.45210212e-02 -7.99482316e-02  1.02710307e-01  4.75585125e-02  1.53589338e-01  2.97614690e-02  1.12986721e-01 -1.30428970e-01
  1.56415358e-01 -4.03910987e-02 -1.51659856e-02  6.53050244e-02 -1.61607355e-01  5.87020330e-02 -1.53750822e-01  4.17028517e-02 -3.97919826e-02  3.05854790e-02 -1.89217534e-02  8.08490142e-02
  1.13177769e-01 -1.16022795e-01 -1.45335738e-02  5.10159433e-02 -1.49824798e-01 -7.24327266e-02  8.62935707e-02  7.52727538e-02  1.17755421e-01  9.24092978e-02  5.46483397e-02 -1.08657442e-01
  8.16665515e-02 -2.00294852e-02  1.87863842e-01 -9.73250717e-02  7.01272711e-02  1.29332259e-01 -6.81380481e-02 -1.17530145e-01  1.14549473e-01  6.01115637e-02  1.57821074e-01 -1.03000633e-01
 -8.76247287e-02  9.02081504e-02 -1.95079669e-01 -1.29847914e-01  1.76216252e-02  7.34534562e-02  8.13815743e-02 -9.15054157e-02  1.02986291e-01 -7.22075701e-02 -1.86330244e-01 -1.62034795e-01
 -9.89150926e-02 -9.57552195e-02 -1.17685469e-02 -1.25393972e-01  1.23081401e-01 -1.17637150e-01 -6.20559193e-02  1.95314139e-02 -2.68797781e-02  3.24934460e-02  7.97397271e-02  1.13004237e-01
 -9.83496606e-02 -1.42704740e-01 -1.33132860e-01 -3.51196639e-02  1.26159102e-01  1.48656413e-01  8.18760544e-02  1.60148412e-01  9.88487750e-02 -1.82932205e-02  2.19520945e-02 -4.85430658e-02
 -5.88373514e-03 -5.64520098e-02  1.08853340e-01 -1.18119968e-02  6.69890270e-02 -1.15631573e-01  1.23270571e-01  7.65126273e-02 -4.59323861e-02  2.50792932e-02 -1.19741946e-01 -3.74124534e-02
  1.26650378e-01 -1.41207889e-01 -1.01460710e-01  7.01706996e-03 -1.43422887e-01  1.40441790e-01  6.13894984e-02  4.40658033e-02 -6.84937164e-02 -7.81542063e-02  8.43368024e-02 -3.95915937e-03
  2.24399678e-02 -4.99008372e-02 -1.53684325e-03  9.09205154e-03 -8.14911425e-02  9.31079537e-02  8.25633481e-02  6.65717050e-02  1.16352983e-01  6.30963594e-02  4.21245024e-02  8.41515660e-02
 -6.74888864e-02 -1.77282348e-01  7.40299672e-02 -1.05404913e-01 -1.08079322e-01  9.70154330e-02  5.57612032e-02 -6.60308525e-02 -1.22168161e-01 -1.75238088e-01  2.64169723e-02 -8.69270936e-02
  7.54558146e-02  6.22653328e-02 -1.14437357e-01 -1.44926189e-02  8.01166147e-02 -2.15205215e-02  7.05646798e-02 -1.26226023e-01  1.50975525e-01  1.51767105e-01  1.72175407e-01 -4.59516607e-02
  3.57729048e-02  5.57104945e-02 -5.87877110e-02  3.12174559e-02  8.94569308e-02 -1.16829731e-01 -4.39934880e-02 -7.95076117e-02  3.06506380e-02 -8.64652544e-02 -1.00782126e-01 -4.62522246e-02
  4.97449599e-02  2.79034637e-02  2.88314763e-02  1.06365062e-01  1.71215072e-01 -1.00851931e-01  7.04837218e-02  1.09626159e-01 -1.84534136e-02  6.22680150e-02  5.50589636e-02  3.54920253e-02
 -1.66295692e-01  6.36462644e-02  7.35930502e-02 -9.07354653e-02  7.18744993e-02 -1.35480925e-01  7.65704811e-02 -4.85615805e-04  7.81085268e-02 -1.41982198e-01  7.96160400e-02  9.73350480e-02
 -5.87127730e-02 -3.61353830e-02  5.00440560e-02  8.83626863e-02  1.74402148e-01 -7.36984238e-02  6.35955334e-02  1.21565118e-01 -1.35572404e-01 -1.58329055e-01  1.11748017e-01 -5.71005382e-02
 -8.69741589e-02 -2.09972575e-01 -1.20794168e-02  9.53350067e-02 -1.02964856e-01  1.34236306e-01  8.14358145e-02  1.72819793e-02  3.11516449e-02  5.80947511e-02 -1.37941405e-01 -1.12717099e-01
 -1.55436039e-01  8.22894126e-02 -1.12828799e-02  3.98890711e-02 -1.18244655e-01 -1.31711528e-01  9.91098210e-02  1.42398238e-01  6.66088164e-02  1.35090202e-01  1.06335796e-01  9.66744572e-02
 -6.36419728e-02  4.25013853e-03 -1.76226661e-01  1.77523747e-01  1.18368529e-01  1.21525168e-01 -1.63195934e-02  4.89094183e-02 -1.52351512e-02 -4.62102294e-02  1.06400941e-02 -6.12965636e-02
 -1.51547730e-01 -1.05521403e-01 -1.00751005e-01  1.32317215e-01  1.08857535e-01  6.34091645e-02  1.14816703e-01 -1.34414911e-01 -4.04836610e-02  1.44146696e-01  1.68521777e-02  1.27653375e-01
 -2.07027197e-01 -8.38540718e-02  7.91925341e-02  6.41469378e-03  8.91701281e-02  5.19753695e-02 -1.93753093e-01 -8.71173367e-02 -7.50040784e-02  1.51686236e-01  6.07447736e-02  7.49365091e-02
 -1.02857396e-01  6.44727349e-02 -5.55137992e-02 -1.10142075e-01  8.35218579e-02 -1.43135443e-01  1.36282250e-01  9.69829261e-02  1.57948747e-01  1.45432308e-01 -4.53079343e-02 -7.45670944e-02
  1.16079047e-01  7.82598108e-02  3.05189379e-02  6.66958466e-02 -1.26082897e-01 -1.05298474e-01  1.88796386e-01  3.42292413e-02 -1.81968346e-01  9.57223698e-02  1.25960231e-01  9.89814103e-03
  9.48129743e-02  8.64305124e-02  1.55506149e-01  1.22846305e-01 -2.91482136e-02 -1.12699121e-01 -4.46664821e-03  4.17462029e-02  1.21034183e-01 -7.81968907e-02  7.68095404e-02  8.26895833e-02
  9.42153558e-02  1.59882173e-01  9.43142474e-02 -1.22596964e-01  7.47355521e-02 -2.27618851e-02  9.85547453e-02 -5.79500981e-02 -1.12822868e-01 -1.23641521e-01 -6.54746667e-02  8.97413120e-02
  1.87564939e-01 -1.19443990e-01  1.59950241e-01  7.00071231e-02  7.82914832e-02  9.67243165e-02  1.72697291e-01  1.53314680e-01 -1.70252785e-01 -1.69382021e-01  5.51266363e-03  9.26796570e-02
  3.40090767e-02 -8.37399289e-02  1.48244992e-01  2.10830197e-01  1.43408492e-01 -1.50814310e-01  1.59943298e-01  1.31778330e-01  8.31916183e-02 -1.89163506e-01  7.80139212e-03  8.12049136e-02
 -2.35610500e-01  7.32522085e-02 -2.15519458e-01  1.67479143e-01  5.81523851e-02  1.64575189e-01  2.66355187e-01  1.12792023e-01 -1.24631956e-01  6.64266348e-02  1.94861844e-01  1.03081837e-01
  1.38723910e-01 -6.69480814e-03  1.40516400e-01 -7.33104954e-03 -4.53820731e-03  5.42766638e-02  1.64745048e-01  6.53762668e-02 -4.56090644e-02  8.68674591e-02 -1.57231800e-02  1.18478805e-01
 -1.47179738e-01 -1.19969919e-01  2.18320806e-02  1.09324872e-01 -4.34117280e-02 -9.34066996e-02 -7.53192008e-02  1.17466897e-01 -7.64307007e-03 -7.91352019e-02  2.42223471e-01  8.66204426e-02
 -9.28945243e-02 -1.20311864e-01  2.07026675e-02 -1.22608379e-01 -3.69800106e-02  8.78180042e-02  1.13989592e-01  8.59914422e-02 -8.60956088e-02  2.14131609e-01 -9.15486068e-02 -7.34547246e-03
  1.48038030e-01 -2.96219196e-02 -1.33948654e-01  9.55332220e-02  1.02945127e-01  4.75927033e-02  8.21071118e-02  7.98783824e-03  1.13280192e-01 -3.30242366e-02 -1.70923531e-01  1.54354900e-01
  2.21041635e-01  1.56875759e-01 -2.14097291e-01 -1.12487033e-01 -2.70496979e-02  8.90316293e-02  7.95088150e-03  1.06220245e-01 -1.36022106e-01  8.95602256e-02 -7.50950500e-02  4.12086472e-02
  1.66828215e-01 -1.92134351e-01  5.56317046e-02 -5.88430837e-02 -9.12955925e-02 -1.35941729e-01  1.06661305e-01  7.77207315e-02  1.48720935e-01  2.46050656e-01 -1.90564990e-01  7.80235976e-02
  7.44906366e-02  1.20591722e-01  6.94479644e-02 -1.13524407e-01  9.38735604e-02  8.25349838e-02  1.32972077e-01  7.55963698e-02 -1.11845978e-01  1.42140603e-02 -1.34366781e-01  3.41135785e-02
  1.35807678e-01 -1.84516951e-01  1.71771199e-01  4.79726009e-02 -1.25960246e-01  1.18940018e-01  1.29905403e-01  1.30367666e-01 -1.38221413e-01 -2.06305668e-01  2.73776092e-02 -8.16729590e-02
 -2.10563019e-01  1.14208676e-01 -2.30361521e-02  1.01973154e-01  1.25486508e-01 -1.06168009e-01 -2.56460816e-01  1.58770889e-01  2.14535177e-01 -7.51854852e-02 -1.27414122e-01 -7.67001137e-02
 -1.18738972e-01  5.91424853e-02  1.12515755e-01  1.44181237e-01  1.47947550e-01  1.45841882e-01  1.07411258e-01  1.33606553e-01 -1.62345096e-01 -7.92050362e-02  1.31499603e-01  7.52638131e-02
 -1.62743881e-01  3.32382545e-02  9.41062942e-02  9.46320780e-03 -4.49730195e-02  1.39045168e-03 -2.15161771e-01 -4.77472953e-02  8.07043836e-02 -2.66271681e-01  6.75176084e-02  1.30109861e-01
  1.53749630e-01  1.19659439e-01  1.32910058e-01 -1.57186631e-02 -1.28833786e-01  2.41379216e-01 -1.50905892e-01 -2.52731447e-03 -8.54389220e-02  1.27439022e-01  1.74662098e-02 -1.05891660e-01
 -5.46073727e-02 -1.57990545e-01 -1.38318717e-01  1.69811934e-01 -1.10425122e-01  1.51900247e-01  1.14468515e-01 -1.34336963e-01  1.86091140e-01 -4.49623689e-02 -1.02757066e-01  1.13870762e-02
  3.02782934e-02  1.15106724e-01 -1.04251787e-01  5.91273420e-02  1.28116896e-02  8.16296190e-02  3.16839144e-02  1.81502122e-02  9.93975475e-02  7.18199909e-02 -1.24652848e-01  1.00423604e-01
 -7.66107056e-04  9.57649127e-02  1.12094492e-01 -1.89288959e-01 -1.92805842e-01  5.16829044e-02  1.95904225e-02  7.75662139e-02  1.12741880e-01  2.76418142e-02 -1.90791804e-02  1.03369623e-01
  6.67185038e-02  4.79603037e-02  1.33871809e-01 -1.39229372e-01  1.69080660e-01 -1.75114214e-01 -1.23979613e-01 -9.25864354e-02  1.03608571e-01 -9.07493681e-02  2.48992443e-01 -3.53663322e-03
  8.96402001e-02 -1.07929565e-01  1.46578044e-01 -4.41257618e-02  7.46475309e-02 -1.32625327e-01  3.74545120e-02 -1.09178135e-02 -9.70744938e-02 -6.28360063e-02  1.20120673e-02  4.26518694e-02
 -5.28346375e-02  4.34387214e-02 -2.24095210e-01  1.08791813e-01  8.99408609e-02 -7.78906792e-02 -1.59492001e-01  9.98939872e-02 -1.34219632e-01 -6.10837713e-02 -7.64079839e-02 -1.49413407e-01
 -6.76617920e-02  1.20148964e-01  1.66230395e-01  1.18682489e-01  1.48519740e-01  1.27172738e-01  1.02096535e-01 -2.14945767e-02  6.01833574e-02  1.25133678e-01  5.27991541e-02  3.21489237e-02
 -1.43626720e-01  5.21986792e-03  1.10916413e-01  1.62264094e-01 -1.87416732e-01  1.13813989e-01  6.24618828e-02  6.86275065e-02 -1.34208277e-01 -1.08863994e-01  1.59859002e-01  8.90790820e-02
 -9.98300537e-02  9.57020819e-02 -7.59298205e-02 -2.44249478e-01 -9.47354436e-02 -1.46642476e-01 -2.10628241e-01 -1.21527933e-01  1.19671986e-01  9.53858122e-02  1.00267261e-01 -7.63471127e-02
  2.08922140e-02  1.91613212e-01  7.34721795e-02  1.46117970e-01 -1.47112653e-01  1.97317928e-01  3.91828641e-02 -1.37558743e-01 -1.74000695e-01 -7.10574985e-02  9.31402594e-02  1.74610600e-01
 -6.89192936e-02  1.20307907e-01 -1.51407551e-02 -1.54926911e-01  6.63199425e-02 -2.01633628e-02 -9.31698605e-02 -1.73366413e-01  1.43668815e-01 -1.28727863e-02 -9.63653699e-02 -1.65712714e-01
  1.31719083e-01 -5.05386107e-02 -1.79417208e-01 -1.94525197e-01 -9.00047719e-02 -9.01425779e-02 -9.32537243e-02  4.45739999e-02 -7.98221454e-02 -8.15680847e-02 -1.30322322e-01 -1.27723321e-01
 -4.82271947e-02  1.45439342e-01 -1.16673887e-01 -9.22089890e-02  7.75653571e-02  8.29678997e-02 -1.88190043e-02  1.02565877e-01 -1.09432615e-01 -5.80809303e-02  1.31588832e-01  1.44303039e-01
  7.80548528e-02 -2.31320605e-01 -1.08054757e-01  1.28026441e-01 -1.01571083e-01 -1.80730462e-01  1.82563037e-01  7.01695234e-02 -1.33535564e-01  1.16103128e-01 -1.40564024e-01  1.27126351e-01
 -9.90311056e-02 -2.13617645e-02  1.10344432e-01  2.40917243e-02  1.11769959e-01  1.37933239e-01  1.20527878e-01 -1.21617481e-01  4.65526022e-02  7.49403015e-02  1.70288589e-02  1.17191769e-01
  1.31667122e-01 -2.01933309e-01 -2.60680735e-01 -2.06118990e-02  1.10986650e-01  9.05467942e-02 -1.57995641e-01  8.14186558e-02  1.63382679e-01  3.04142628e-02  6.02352619e-02 -3.00787520e-02
  1.68667540e-01  1.58484858e-02  1.18502736e-01  9.31040570e-02  9.38609987e-02 -1.17646314e-01 -1.42491132e-01 -1.70079574e-01  6.69909343e-02 -4.13340628e-02  9.64801162e-02  1.03506133e-01
  9.18105394e-02  9.94394422e-02  6.41690865e-02  1.15325131e-01  1.34868547e-01  6.99851662e-02 -1.16286039e-01  1.02566324e-01 -1.72896430e-01 -1.61508068e-01  1.05976894e-01 -2.05571800e-01
  1.35102555e-01 -7.82431886e-02 -1.04006968e-01  1.56499550e-01 -2.42694184e-01  7.58823529e-02  8.21190700e-03 -2.10961439e-02 -2.81134807e-02 -8.24916176e-04  1.40000343e-01 -1.25301510e-01
 -5.76470383e-02  1.35924906e-01 -1.30330086e-01 -1.23225719e-01  9.99372900e-02 -1.43309206e-01 -1.79546341e-01  3.60147692e-02  7.72260129e-02  9.57280397e-02 -1.03692234e-01  9.42275971e-02
 -1.52161598e-01  1.12121955e-01 -7.48753771e-02  8.23792890e-02  8.61756206e-02 -1.19324446e-01  1.50422573e-01 -1.32917047e-01  1.46337971e-01 -3.48501727e-02  5.07372282e-02  1.07563101e-02
  7.54928291e-02 -3.84626128e-02 -3.39098722e-02 -5.14202379e-02  4.62081321e-02 -3.73587720e-02  1.64310142e-01 -1.09651402e-01 -1.65698782e-01  5.27277477e-02  1.45169348e-01  1.38659313e-01
 -1.81794912e-01 -1.08397178e-01  2.70510782e-02  5.36162704e-02  1.31577268e-01  1.23147927e-01  2.98237987e-02  1.63933009e-01 -7.46906102e-02  2.39781618e-01 -1.39960155e-01 -2.12180898e-01
 -1.27873257e-01  4.59070280e-02 -9.87532064e-02 -9.20563340e-02  5.40376008e-02 -9.06806737e-02  2.53061540e-02  8.14622715e-02  5.12849502e-02 -2.50575334e-01  1.06563136e-01  3.63910682e-02
  7.01826513e-02  6.33857995e-02 -1.54540703e-01  1.37378991e-01  2.90450845e-02  1.74467221e-01 -2.65435670e-02  2.54987836e-01  1.12569362e-01  9.27360579e-02  5.54528907e-02 -9.89328623e-02
 -5.30827865e-02 -8.13098401e-02 -7.07039833e-02  5.88729866e-02  1.23248063e-01 -1.11910507e-01  1.34693757e-01  1.96464360e-02 -2.13746220e-01 -1.27278775e-01  6.50158077e-02  1.44878104e-01
 -8.75193700e-02 -1.35217637e-01  7.40547851e-02 -1.49918452e-01  6.21654876e-02  6.85017928e-02  4.22553625e-03 -8.97351280e-02  1.18252248e-01  4.72751968e-02  3.99026927e-03 -1.02904312e-01
 -2.91079804e-02 -1.34415150e-01  1.31733835e-01  7.83111155e-02 -8.72335881e-02 -7.74151981e-02  1.21064320e-01 -1.88458428e-01 -1.24985531e-01 -9.71492454e-02  1.68495104e-01 -1.20612510e-01
  4.61445078e-02  7.91030750e-02 -1.73749533e-02  9.35134068e-02  9.89185274e-02 -1.57668039e-01 -7.58597255e-02  1.51425423e-02  3.31122279e-02  9.48198289e-02  1.48127794e-01 -7.65754059e-02
  1.19290121e-01 -2.37778485e-01  1.23592667e-01  8.64443704e-02  1.28152564e-01  5.15190996e-02 -2.47697644e-02 -6.51915446e-02  3.58780548e-02 -8.94732997e-02  5.33960462e-02  7.76157752e-02
  3.59170437e-02  1.20947123e-01 -1.10535948e-02  6.24430105e-02 -1.10653847e-01  4.94240038e-02  1.68108672e-01 -9.51796994e-02 -7.98136443e-02  1.83418915e-01 -1.52468393e-02 -2.08508283e-01
  1.24046907e-01  3.07243615e-02 -1.88935995e-02  1.41204773e-02  1.52404964e-01  9.97165889e-02 -9.90185589e-02  7.73038939e-02 -8.97666737e-02  7.33213350e-02 -8.86322930e-02  5.83094135e-02
  1.07389335e-02 -2.61039883e-01  2.18584284e-01  1.15938812e-01  1.43414840e-01 -1.85631767e-01  1.42657056e-01 -5.93812438e-03  1.88378826e-01 -5.64479909e-04  1.52418911e-01  5.32644056e-02
 -8.32524672e-02  1.17461011e-01  5.52438423e-02  9.84742269e-02 -1.76483542e-01  1.57866739e-02  1.64007813e-01 -2.70846803e-02  1.79003831e-02  7.23344386e-02  8.35247710e-02 -5.45786843e-02
 -1.12013295e-01  1.27372481e-02  6.03559241e-02  9.49029922e-02 -1.55476704e-01  1.59055710e-01 -9.37648416e-02  9.40605775e-02 -1.01867333e-01  2.00545207e-01 -1.64957389e-01 -8.38168561e-02
 -7.90175721e-02  6.96651191e-02 -6.18334264e-02 -1.46206185e-01 -5.10780998e-02 -2.01519594e-01  1.11039719e-02  1.73351228e-01  1.66419595e-01 -1.16403438e-01  8.20474103e-02  4.86994088e-02
 -8.64683315e-02  1.03736766e-01  1.29315913e-01  4.81971763e-02  1.39558427e-02  1.85539410e-01  8.62481594e-02  1.34459391e-01  1.44558027e-01  1.26182899e-01  1.36070689e-02  6.82695881e-02
  1.59212723e-01  1.41096920e-01  2.45234231e-04  6.38493896e-02  8.82788002e-02  6.99955076e-02 -1.20076083e-01 -1.55307442e-01  2.34121680e-02  6.81370124e-02  1.34618372e-01 -2.47957036e-01
  1.23820536e-01 -3.07814814e-02 -1.31658658e-01  1.11226976e-01 -3.99833955e-02 -1.99034125e-01 -7.21369535e-02 -1.18728384e-01 -7.90900961e-02 -5.41344471e-02 -1.93492904e-01  7.77543932e-02
 -1.38003305e-01  9.70755070e-02 -2.69246489e-01 -1.16184652e-01  1.84830412e-01 -8.42186958e-02 -6.66222721e-02 -9.25617144e-02 -1.00617036e-01  5.45092039e-02 -1.28852427e-01  2.74728127e-02
  1.94028944e-01 -6.67112544e-02  2.68467162e-02  1.41164184e-01  6.02475032e-02 -4.62007597e-02  3.09332926e-02  1.25560671e-01  6.25324249e-02 -1.01340756e-01 -1.16080917e-01  1.20870270e-01
 -1.64165094e-01  4.76762950e-02 -2.12187245e-01  1.96829334e-01 -1.28881484e-01  7.82300606e-02  1.07753193e-02 -3.09755094e-02  1.26031905e-01 -4.04144190e-02 -1.11549810e-01  7.86995217e-02
 -5.18867932e-03 -1.73786953e-02  5.93831539e-02 -2.56828847e-03 -5.74582629e-02  9.93187726e-02 -7.73228779e-02 -1.56449065e-01  1.65484205e-01  5.34730870e-03 -9.92900506e-02  1.74203310e-02
 -1.35282338e-01  5.18160593e-03  1.40957445e-01 -7.08598644e-02  1.47429168e-01 -9.26151052e-02 -1.78561896e-01 -1.05134726e-01 -2.31624022e-01  1.36125207e-01 -1.55813605e-01 -3.38614397e-02
 -1.01129323e-01 -4.34966153e-03  1.19425334e-01 -4.48943302e-02  1.06517248e-01 -1.80510983e-01 -8.71639177e-02  1.38831511e-01 -2.36460008e-02 -1.08951703e-01 -4.79844064e-02  1.35324553e-01
  9.86184180e-02 -2.00475276e-01  1.34629518e-01 -8.48605670e-03 -6.61769062e-02 -1.14550516e-01  1.05160318e-01 -8.29097405e-02 -6.95354417e-02  2.44096890e-02  1.37610838e-01 -1.35378435e-01
  5.41347675e-02  1.02829859e-01  8.79245326e-02 -1.77415669e-01  1.64187208e-01  3.16483974e-02  1.24090211e-02  5.09273633e-02  4.30952050e-02 -9.46209729e-02 -1.05456114e-01 -1.65089682e-01
 -7.98330009e-02  6.54644370e-02  5.73532432e-02 -1.32377148e-01 -2.99314205e-02 -5.13308235e-02  1.57367587e-01  1.34814844e-01 -1.10657200e-01  7.04626739e-02  1.00657247e-01  7.85881728e-02
  6.89031631e-02 -1.01805754e-01 -2.56335121e-02 -1.24205977e-01  2.20506191e-02 -5.71821332e-02  2.09044591e-01 -1.49703979e-01 -9.80132893e-02 -1.14221722e-01 -7.02621266e-02  5.36149703e-02
  2.12770374e-03  1.00700557e-01  1.74720183e-01  1.21261403e-02 -6.36792704e-02  7.73720965e-02 -1.17562674e-01  3.05857435e-02  8.71587992e-02  3.73113416e-02  7.38617256e-02 -4.08608168e-02
 -3.57495435e-02  6.46306425e-02 -2.11640522e-02 -2.19419207e-02 -9.68001336e-02 -2.09309787e-01  9.32918116e-02 -1.04181424e-01  1.40808970e-01  8.71741623e-02  8.43615681e-02 -1.59186646e-01
  1.81289949e-02  1.04328200e-01  7.79391602e-02  3.14896293e-02  1.17533341e-01 -1.47589028e-01 -1.29169300e-01 -8.59265253e-02  7.48588666e-02  1.99789494e-01 -1.54254451e-01  1.14251748e-01
  7.17582330e-02 -9.86758713e-03  9.56117213e-02  4.48559113e-02 -1.32227197e-01  1.49782915e-02  8.32845345e-02  1.29822060e-01  1.27935544e-01 -6.78560436e-02  1.26432180e-01  1.14592738e-01
 -3.61960232e-02  9.92302597e-03 -1.28135562e-01  6.99048191e-02  3.27424146e-02 -1.86490864e-02 -1.45332098e-01  6.47704601e-02 -1.27068177e-01 -8.06326941e-02  1.24636367e-01  1.08596094e-01
 -6.39955327e-03  1.66629776e-01  9.47152749e-02 -3.48765664e-02  1.53154060e-01 -4.97530736e-02  1.38381436e-01 -1.84944674e-01 -2.20061541e-01  1.19045071e-01  3.16995755e-02  1.41749121e-02
  1.17313392e-01 -2.08067730e-01  1.05502084e-01  1.12821423e-01  2.21767604e-01 -1.00920305e-01  7.12000355e-02 -6.32664934e-02  1.13431871e-01  4.05372716e-02 -1.39146894e-02 -9.68433395e-02
 -1.43850982e-01 -1.95543453e-01 -2.10732408e-02  8.25961828e-02  4.78413962e-02  1.10936485e-01 -7.50610903e-02  8.70235786e-02  4.55788635e-02 -2.08528861e-02 -9.49278846e-02 -6.83913305e-02
  1.21832021e-01  1.79732680e-01  5.77557757e-02  4.14512381e-02 -2.76149157e-02 -1.91244543e-01  8.14566985e-02  4.13612314e-02  7.18095973e-02  6.84289485e-02  2.35847458e-02 -1.49139166e-01
 -2.90578138e-02  9.80856828e-03 -1.39523178e-01 -1.23267844e-01 -1.01461016e-01 -2.12518767e-01  4.44254875e-02 -3.98926511e-02  5.66177890e-02  1.50287896e-02 -7.92352408e-02  1.30556703e-01
 -1.46362707e-01  1.40655488e-01  9.51767564e-02  8.95913318e-02 -1.00130096e-01 -3.03224772e-02  1.08042769e-01 -1.12099200e-01  1.60750315e-01  4.84779850e-02  5.48619777e-02  7.68665075e-02
 -7.69957826e-02 -1.04082385e-02 -5.03681004e-02  2.91241091e-02 -1.98745295e-01  5.46030961e-02 -5.17705940e-02  9.18360427e-02  1.60087422e-01 -1.30031481e-01 -7.57745579e-02  1.20199405e-01
  9.85735729e-02 -2.03826010e-01  1.70406997e-01  1.27666116e-01 -1.34082198e-01 -1.90580919e-01  6.61321208e-02 -1.10763706e-01 -6.88290745e-02  5.10929041e-02  1.06004313e-01 -5.31874336e-02
 -1.00090481e-01 -4.63123210e-02  3.96011546e-02 -1.58279032e-01  9.87312421e-02 -5.19928224e-02 -9.68751386e-02  9.57514867e-02 -2.05683649e-01 -6.75927922e-02 -8.22316855e-02  1.29675031e-01
  9.05190408e-02  9.36577469e-02 -2.30442900e-02 -9.28415805e-02 -5.55384234e-02  1.22218080e-01 -8.71717930e-02  7.46353492e-02  8.06654319e-02  7.38003403e-02  1.27297580e-01  3.02666090e-02
 -9.81555730e-02  2.16709450e-01  1.57076761e-01 -4.97114547e-02 -1.04936130e-01 -1.51308984e-01 -1.23770967e-01  1.08555667e-01  9.69993472e-02 -6.16007559e-02  1.29102275e-01  2.87678912e-02
  1.75843164e-01  1.07967317e-01  4.56440970e-02  7.20822811e-02 -1.31480664e-01 -9.72103924e-02 -1.22392237e-01 -2.48254433e-01 -8.56667012e-02 -3.86532396e-02 -1.10556923e-01 -1.90049987e-02
 -6.17541708e-02  1.42376736e-01  1.24518394e-01  9.91645902e-02 -1.37422219e-01  4.29092124e-02  1.85944900e-01 -4.68033999e-02 -2.01733820e-02  7.26528391e-02  1.17299080e-01 -4.75875335e-03
 -2.15427503e-02  5.43678738e-02 -1.39499769e-01 -7.96884075e-02  1.12269476e-01  1.00506388e-01 -1.24306038e-01  1.22067794e-01 -1.60136342e-01  1.38182268e-01  1.18871868e-01  4.67953309e-02
 -3.67261134e-02  1.33294299e-01 -9.14384797e-02  7.39693865e-02  8.75336528e-02  9.49500054e-02  4.03435789e-02 -2.34567419e-01  7.85912201e-02  9.26353708e-02  1.16587833e-01  6.90176859e-02
  3.59625854e-02  1.12257302e-01 -6.23618774e-02  8.09278265e-02 -1.19547956e-01  5.36478460e-02  1.82793885e-01 -1.33148938e-01 -1.10599793e-01 -1.14668421e-01 -2.83129793e-02  1.96780730e-02
  1.33736283e-01  2.22051479e-02  1.25407666e-01  3.89948711e-02  1.40809864e-01  1.14567764e-01 -5.80294663e-03  6.67397678e-02 -4.62426804e-02  5.09898849e-02  3.20301615e-02 -1.52079195e-01
 -3.69403362e-02 -1.49503678e-01 -1.22328624e-01 -2.69531161e-01  6.06502704e-02 -1.39214382e-01  2.15023737e-02 -1.11016952e-01 -7.87548795e-02  5.63627705e-02 -2.96910554e-02  7.07871839e-02
 -1.35796428e-01  4.83974479e-02  4.36066389e-02 -1.70797661e-01  7.61393309e-02  4.93285991e-02 -1.06064573e-01 -3.19689997e-02  5.93144074e-02 -1.26363128e-01  7.03422129e-02  2.03558832e-01
 -1.75415687e-02  5.50114922e-02  1.24234781e-01 -1.14641018e-01 -2.73120366e-02  1.86366159e-02 -1.41666055e-01  6.87607005e-02 -8.40980485e-02 -9.09238607e-02 -5.69555387e-02  1.03355192e-01
 -9.49815139e-02 -1.53899178e-01 -7.26436228e-02  7.90055618e-02  1.62601352e-01 -2.38220822e-02  1.20267652e-01 -1.23918340e-01  1.19004272e-01 -5.69237396e-02  2.00024351e-01 -1.18573441e-03
  1.20859534e-01  2.44533159e-02 -8.93057361e-02 -1.11115456e-01  7.91178569e-02  1.52444512e-01  1.71404988e-01 -9.86551717e-02  8.77467021e-02 -1.74631298e-01 -2.37284735e-01  1.20358929e-01
  1.42396078e-01  2.03263983e-01 -1.19695470e-01  1.55105561e-01 -1.31100714e-01 -1.37153536e-01 -1.48557007e-01 -2.25794926e-01  1.31157801e-01  1.24288887e-01 -1.77086256e-02  1.58553779e-01
 -1.65321365e-01 -8.14258605e-02  1.60050333e-01  8.50802660e-02  2.94833481e-01  1.74272418e-01  2.62814760e-02 -7.64248446e-02  1.48420706e-01  1.14572234e-01 -8.08032826e-02 -1.59931704e-01
 -1.69727862e-01 -1.78890049e-01 -9.89486054e-02 -1.06154121e-01  1.81991190e-01  1.43224925e-01  1.10190928e-01 -1.04734249e-01 -1.26228347e-01 -2.09897444e-01  5.45276739e-02  4.49840091e-02
 -1.27372801e-01 -7.45017603e-02 -1.29851639e-01  1.43068075e-01  1.42395869e-01  8.99946839e-02  4.86420430e-02 -1.26170561e-01 -4.71570939e-02  1.49837181e-01  1.62041634e-01 -2.91128475e-02
 -4.58558165e-02  5.05019613e-02  2.91278251e-02 -5.39735034e-02 -1.22673854e-01  1.32033929e-01  1.49531096e-01  4.72621173e-02  1.32445842e-01  1.05110705e-01  4.86808047e-02  9.41029340e-02
 -2.57998616e-01 -1.37857601e-01 -3.45487520e-02  1.68534264e-01  8.16431940e-02 -1.87404603e-01 -9.68569294e-02 -2.57664770e-01 -4.41710763e-02  7.69983679e-02 -9.84068364e-02 -9.79665145e-02
 -1.33307949e-01  1.14897273e-01 -1.64858297e-01  1.61047399e-01  6.42800406e-02  1.60416260e-01 -1.15465023e-01 -8.67919177e-02  1.69091225e-01  1.91315696e-01 -1.87836826e-01  1.65839434e-01
 -5.40235713e-02 -1.21722981e-01 -5.91365155e-04 -1.48212183e-02 -1.87458575e-01  1.31818995e-01  8.49813074e-02 -1.05433963e-01  4.27030176e-02  4.83608358e-02  9.85588208e-02 -3.72099020e-02
 -4.91190776e-02  6.61243573e-02  6.10097311e-02  2.16896483e-03  8.31965953e-02  1.54279172e-01  1.20903097e-01 -4.73730965e-03 -2.02313498e-01 -8.19656104e-02 -3.71179357e-03 -2.71194614e-02
 -1.02286302e-01 -1.88034892e-01 -1.07313916e-01  7.63562098e-02  1.16362251e-01  4.16151099e-02  4.78624329e-02 -1.52731150e-01  1.09672137e-01  9.31337476e-02 -1.47921428e-01 -1.41958773e-01
  1.62275240e-01  1.62526056e-01 -2.14084573e-02  8.81448016e-02  7.03286566e-03 -1.21858932e-01  6.15074895e-02  1.46360233e-01 -4.77123149e-02 -8.17471743e-02 -1.78440347e-01  1.23049155e-01
  1.09100267e-01 -8.71336088e-02  1.11517243e-01 -1.68321431e-01 -2.04959661e-02 -1.41558066e-01  1.24344654e-01  1.54836565e-01  6.17193170e-02  9.82957035e-02  1.44182697e-01 -2.69107014e-01
  5.87216243e-02  1.91361398e-01  3.37357691e-04 -2.05197170e-01  6.42263815e-02  5.81656136e-02  1.00870453e-01  6.70491830e-02  6.09630942e-02  8.71284083e-02  3.53192016e-02 -9.23030600e-02
  1.01479739e-01 -2.50549316e-01  1.08531915e-01  6.01878017e-02 -1.12706609e-01  1.03013590e-01 -9.98047963e-02  7.90916607e-02 -8.69515464e-02 -2.02808246e-01  6.10095039e-02 -1.45535275e-01
 -2.68842965e-01  9.70595628e-02 -1.24523893e-01 -7.84196779e-02 -8.80710632e-02 -1.53193250e-01  3.68888043e-02 -1.43150389e-01  6.48693591e-02  1.79550145e-02 -1.18939728e-01  8.35146904e-02
 -2.03094617e-01  9.90112126e-02 -1.11764304e-01 -9.69887972e-02  9.32802185e-02  1.31903291e-01 -3.52415591e-02 -1.45197496e-01  1.80692330e-01  1.28791422e-01  1.62957594e-01  1.28554821e-01
 -2.56202370e-01  9.82574895e-02 -1.00212663e-01 -1.30134657e-01 -3.22414525e-02  2.00998425e-01  4.89727557e-02  1.32064700e-01 -1.15217250e-02  5.33827506e-02  1.33656070e-01  9.63955224e-02
  2.06349850e-01  9.31237936e-02 -2.13462883e-03 -8.00327864e-04  5.75040206e-02 -1.22823223e-01  7.22407475e-02 -1.93840757e-01  1.30030885e-01 -1.61403582e-01  3.11580021e-02  2.69738659e-02
  1.17391631e-01 -1.20421007e-01  1.54281512e-01 -5.64336032e-02  1.15239471e-01 -2.30945945e-02  1.01432420e-01  1.74976707e-01  9.20852125e-02 -1.03283100e-01 -1.32293895e-01  1.01181723e-01
  1.17667109e-01 -8.59536976e-02 -4.53910306e-02  4.55343910e-02  3.99192236e-02 -9.80275050e-02  1.40662789e-01 -1.24223940e-01  3.06044161e-01 -3.26705463e-02 -9.26029608e-02 -1.92141142e-02
  1.36384860e-01  1.36162415e-01 -1.51015669e-01  9.57734659e-02  5.71123250e-02  1.24955535e-01 -1.34494215e-01  1.00762680e-01 -1.86416954e-01 -8.51433426e-02  5.06579019e-02  7.00676516e-02
  1.68876141e-01  7.53520988e-03  1.15238510e-01 -1.75581768e-01  5.46872728e-02 -1.90715745e-01 -6.55793101e-02  1.63450882e-01  1.34445950e-01  5.39227799e-02 -4.61376086e-02  8.43376145e-02
 -9.14997309e-02 -6.47144392e-02 -1.14006408e-01  1.90465167e-01 -5.02265841e-02  3.30234170e-02  4.96816039e-02  4.77731042e-03 -1.39041156e-01 -1.21285226e-02  1.86435774e-01 -1.20419003e-01
 -2.17555076e-01 -2.26047963e-01  1.93358481e-01 -1.04559876e-01 -1.13062933e-01 -3.83690894e-02  2.13678628e-01  1.06676005e-01 -1.70479015e-01  1.38808370e-01  1.39244542e-01 -1.61037028e-01
  1.27923964e-02  6.03215508e-02 -7.62915537e-02 -2.26398364e-01  7.43822083e-02  4.95598167e-02  4.50696461e-02 -1.86194956e-01 -1.59266382e-01 -6.59264699e-02  1.21547647e-01  7.19902664e-02
 -1.08240269e-01  5.29331490e-02 -2.12857842e-01  1.16843499e-01  5.70344515e-02 -1.57663867e-01  1.31012097e-01 -1.28938422e-01  8.37036595e-02  1.13409318e-01 -2.15028927e-01 -1.25200719e-01
 -1.76441297e-01 -2.01546386e-01 -3.87713239e-02  1.31053329e-01  1.25090331e-01 -2.77267247e-01 -3.27368021e-01  1.38460502e-01  1.33255916e-02  5.56407608e-02  9.06992406e-02  9.30846930e-02
  3.03476024e-03 -1.50896445e-01  4.82349955e-02  8.11847374e-02  1.94577292e-01  3.43222916e-02  9.20461118e-03  1.13084160e-01  2.78633069e-02  8.81579816e-02 -1.74807802e-01 -1.70755200e-02
  8.45269486e-02 -2.79029876e-01  1.57255083e-01 -1.25058904e-01  9.45968926e-02  1.20820455e-01 -5.95871545e-02  1.15281127e-01 -7.95651227e-02 -2.86303997e-01  7.81608559e-03 -1.89971045e-01
 -4.52566780e-02 -1.73149467e-01 -1.38273537e-01  1.09571144e-01  1.08160980e-01 -1.02539659e-01  1.02059290e-01  1.61931112e-01 -2.07452670e-01 -4.13086452e-02  1.52922183e-01  6.71720952e-02
 -6.67532310e-02  8.43493715e-02 -2.41384596e-01  6.23692796e-02 -1.43113554e-01 -1.34769464e-02  8.15838575e-02 -1.33261085e-01  1.09421536e-01 -3.51472548e-03  8.23475420e-02  2.75138199e-01
  1.39036790e-01  2.90254448e-02 -3.37328725e-02 -1.66342452e-01  4.77810297e-03  1.15144670e-01 -1.92728400e-01  1.01628499e-02  1.67212099e-01  8.79733711e-02 -4.89143655e-02  1.01650424e-01
  1.13501184e-01 -5.31105101e-02 -9.37040895e-02  1.39889702e-01  2.93133203e-02  5.25183342e-02 -2.18702599e-01  2.20456257e-01 -2.02478632e-01  1.10723602e-03 -1.19488738e-01 -2.53316581e-01
 -1.53678015e-01  8.30220338e-03 -9.57527831e-02 -2.41467103e-01  1.25854641e-01 -3.03835005e-01  1.41148075e-01 -1.38332561e-01  1.15289144e-01  4.97790202e-02  1.32977933e-01  1.78392619e-01
  1.17027260e-01  7.62016475e-02 -1.27272516e-01  4.09723967e-02 -8.62199068e-02 -8.75578672e-02 -6.77251294e-02 -2.29085431e-01  5.28092012e-02 -1.18107349e-01  1.31087676e-01  5.74238487e-02
  6.35594130e-02 -1.11894332e-01  9.00646076e-02  1.70595169e-01  4.22681347e-02 -1.72349259e-01  1.34200901e-01 -1.58339113e-01  1.22592002e-01 -1.63817227e-01  5.49218506e-02  7.28813559e-03
  1.04285434e-01 -4.96431403e-02  3.23366001e-02  1.58262968e-01  1.29781842e-01  9.76382568e-02 -9.68077928e-02 -1.62189782e-01  2.36104969e-02 -2.28123486e-01 -8.41918513e-02 -9.98134017e-02
 -7.36423358e-02 -4.75378297e-02 -2.20280513e-02  1.06705800e-01 -1.08413644e-01 -2.39953205e-01  6.61772490e-02  1.58670336e-01  1.11425795e-01  2.15698659e-01  5.01726530e-02  8.23042691e-02
 -2.34810218e-01 -1.90210506e-01 -2.76927184e-02 -6.70771161e-03 -6.96881562e-02 -1.67202443e-01  1.75330460e-01  1.28184736e-01 -4.54684161e-02 -3.12057137e-01  2.95540262e-02 -1.41791672e-01
 -2.32964173e-01 -7.11187795e-02 -7.87625983e-02 -7.69582316e-02  9.05100927e-02  6.08165003e-02 -3.03832553e-02  1.56394392e-01  1.42182663e-01  9.21382010e-02  2.01496705e-01  1.04508668e-01
  1.23167485e-01  4.60443273e-02  9.11180973e-02  3.22077908e-02 -1.75480619e-01  1.06841885e-01  8.69432911e-02 -1.27798498e-01  1.21442944e-01 -8.43730115e-04  9.81642455e-02  1.83500983e-02
 -1.59847632e-01 -1.11603461e-01 -1.13769948e-01  1.19621336e-01  1.00040808e-01 -1.67107359e-02 -4.02964726e-02  9.50559080e-02 -1.28675863e-01 -1.82374358e-01 -2.76036430e-02 -2.84505904e-01
 -6.22108318e-02  8.70024115e-02 -1.61622569e-01 -1.07944548e-01  3.09383087e-02  9.10959095e-02 -6.12206608e-02  5.37259877e-02  8.21066648e-02  1.69236865e-02 -1.50589213e-01  2.18460828e-01
  1.21179231e-01  1.36042804e-01  3.62171978e-02  1.06486522e-01 -1.19231209e-01 -1.46523625e-01  1.34246558e-01 -3.56507748e-02 -9.11512226e-02 -4.05394621e-02  4.96994294e-02 -9.66613442e-02
 -4.11589444e-02  8.98876116e-02  2.00157035e-02 -3.27817872e-02 -4.07451056e-02 -1.28877133e-01 -1.82014897e-01 -6.67059940e-05  9.25607979e-02  7.64637887e-02  1.56367108e-01  3.53473388e-02
  1.20378986e-01 -3.03472467e-02 -1.51364421e-02 -7.05552846e-02 -8.97045210e-02  7.87614658e-02  6.32718951e-02 -2.01161087e-01  1.30127639e-01  4.61444519e-02  7.71122007e-03  1.89041764e-01
  1.64623931e-01  1.44291610e-01  5.34054004e-02  1.66646168e-01  1.70945928e-01 -7.94919580e-02  1.55150563e-01 -2.68481582e-01  8.94552842e-02  1.19888321e-01 -1.66253999e-01  4.17813063e-02
 -1.22353978e-01 -7.62629695e-03  3.38530764e-02 -9.52347461e-03  5.90762459e-02 -2.40362987e-01 -1.45051360e-01  1.26672596e-01  2.80064493e-02 -2.04466701e-01  2.21168011e-01 -1.25011533e-01
 -1.43265396e-01 -1.42944083e-01  4.49181721e-02  1.07908927e-01  4.81952243e-02  1.17454320e-01 -7.30994344e-02  4.63222414e-02  1.88099697e-01 -8.47713649e-02  6.70607388e-02  5.33336475e-02
 -1.23700388e-01  1.70133710e-01 -1.06195584e-01  1.50153518e-01  1.40476316e-01  2.91541927e-02  5.98094352e-02 -7.22810999e-02 -1.10810287e-01 -1.26158968e-01  1.35210797e-01 -7.65532479e-02
  6.22132160e-02 -2.39169374e-01 -2.33222902e-01  2.27512792e-02 -3.49326618e-02  1.05275065e-01 -1.85495213e-01 -3.61466631e-02  8.83464143e-02 -1.81004815e-02 -2.11283073e-01  4.48456109e-02
  8.43532085e-02  9.99679230e-03  1.36497438e-01  5.37078306e-02  5.04100323e-02 -5.60398698e-02 -1.58904344e-01  7.72669762e-02 -7.22867623e-02  1.51017800e-01  9.40889865e-02 -5.84925041e-02
  1.74055383e-01  7.63952872e-03  9.36340839e-02  2.95773335e-03  7.01403692e-02  1.35763258e-01  1.49608627e-01 -1.55080229e-01  8.63317214e-03  1.55650362e-01 -1.03972415e-02 -3.33981246e-01
  5.02134524e-02 -1.11125872e-01 -2.03679979e-01 -1.25189081e-01 -9.82709005e-02 -1.87935412e-01  1.57357007e-01  1.06344126e-01 -1.59694239e-01  9.92873609e-02 -3.53845246e-02  1.41328365e-01
  5.67452908e-02  1.01245627e-01  4.46869843e-02 -1.96948901e-01  7.26177394e-02  3.18642668e-02  9.81132612e-02  1.14618726e-01  2.57964265e-02  6.57551289e-02 -8.08796808e-02  8.20583403e-02
 -1.16335824e-01  1.31758124e-01  1.19554542e-01  1.56094745e-01  1.23335458e-01  6.97716549e-02 -9.59412679e-02  1.20070636e-01 -5.60650975e-02 -1.89063102e-01 -2.13467255e-02 -8.60406905e-02
  9.60096717e-02 -1.20179631e-01 -3.90880294e-02 -5.14391549e-02  2.16978788e-01  7.70077342e-03 -2.53060430e-01 -2.59097457e-01  1.21509396e-01 -1.15890607e-01  1.64905787e-01 -8.62775967e-02
 -1.87373996e-01  1.37727812e-01  2.04163659e-02  1.54549539e-01  1.12418704e-01 -1.35415420e-01  1.20521381e-01  3.52163576e-02 -1.93284750e-01 -1.89845003e-02  1.95039675e-01 -1.67461067e-01
 -1.88438892e-01  7.12794885e-02 -1.06602468e-01  1.20958805e-01 -8.25350285e-02 -1.35806426e-01 -1.53592810e-01  1.24019057e-01  1.43968046e-01 -2.03803390e-01  1.05301253e-01 -7.50112608e-02
  7.12452270e-03 -1.08920157e-01 -5.03108930e-03 -6.56052306e-02  1.27906218e-01  8.58648047e-02 -1.48488462e-01  7.95794427e-02 -1.22998036e-01 -4.46396694e-02 -6.79357424e-02  1.17547084e-02
 -5.19349352e-02  8.75012651e-02 -2.21180156e-01  2.43662074e-02  9.03960615e-02 -1.18823191e-02 -2.51300097e-01 -1.81266963e-01  1.64040908e-01 -2.40372922e-02 -1.56093523e-01  1.67624563e-01
  1.47331387e-01  2.08698928e-01 -1.37907267e-01  7.09145591e-02  1.00115009e-01 -4.60531525e-02  1.08556740e-01 -1.41574264e-01 -1.86995506e-01  1.03964068e-01  6.86239377e-02 -1.91925451e-01
  1.34993434e-01 -1.09652936e-01  1.31519780e-01 -1.93897057e-02  5.55627309e-02  1.36847585e-01 -3.54829617e-02 -6.43632784e-02 -6.92167878e-02  8.00062492e-02  5.48704900e-02  6.01991117e-02
  1.04330309e-01 -9.91033539e-02  9.06413645e-02 -1.73534323e-02 -1.10188514e-01  8.33668187e-02  3.37715112e-02 -1.90816775e-01  1.78077117e-01 -8.95106047e-03 -8.69992897e-02  1.02548935e-01
 -1.82689503e-01  9.90491733e-02 -1.43708512e-01 -9.98247117e-02 -1.80013627e-01 -7.06430003e-02  9.09368843e-02  8.56658444e-02 -9.79795977e-02  3.57006341e-02  1.43870458e-01  4.85416241e-02
  1.34744048e-01  9.83993262e-02 -5.02722375e-02 -2.22926978e-02 -1.21390626e-01 -1.34114727e-01 -5.66326007e-02  8.78441408e-02  8.06985572e-02  9.51487869e-02  7.36840963e-02  1.59396738e-01
 -1.84038252e-01 -1.98289175e-02  1.14962220e-01 -1.02772474e-01  1.31386369e-01  1.32616565e-01  1.99279368e-01 -6.56610879e-04 -2.99076587e-01  6.12987392e-02  3.59723046e-02  1.61495316e-03
  1.45978346e-01  6.41578957e-02 -2.05084875e-01  8.81423056e-03 -9.12502706e-02 -1.22393273e-01 -1.58678666e-01  7.44399950e-02 -1.13675110e-01  5.23207970e-02 -4.45086043e-03 -9.40206200e-02
 -1.63068548e-01 -2.03946993e-01 -6.08109199e-02 -9.31093469e-03 -1.02933489e-01  1.30199909e-01 -2.28191609e-03 -1.36838317e-01  1.21779554e-01  1.23391911e-01  5.29369600e-02 -1.52588904e-01
  1.44297093e-01  1.02184601e-01  4.09141667e-02 -1.69033408e-01  1.60910040e-01  1.16500691e-01 -3.85796353e-02 -1.05824985e-01  9.05016437e-02 -1.60885021e-01 -4.51372974e-02  9.01205912e-02
 -7.88829476e-02 -1.20843112e-01 -2.57785559e-01  1.14492722e-01  2.68774368e-02 -1.17607817e-01  1.22149348e-01  1.26005962e-01  3.83460000e-02  5.14187701e-02 -7.42331594e-02 -1.14817023e-01
  2.40491018e-01  1.43923879e-01  1.27456576e-01 -5.67244217e-02  1.08580798e-01 -2.41916493e-01  3.32730077e-02  6.89597195e-03  8.31025466e-02 -8.57776329e-02  1.10577025e-01 -1.82424545e-01
 -8.54321420e-02 -1.63838670e-01 -2.45194286e-02  7.50522465e-02  1.62986536e-02  2.35344358e-02  7.62413144e-02 -1.39471307e-01 -5.79284085e-03 -2.34288380e-01 -8.16267729e-02  4.08708341e-02
 -1.02734804e-01 -1.21353552e-01 -1.68610383e-02 -1.80729121e-01  1.96294021e-02 -5.27672209e-02  1.18618920e-01 -7.64584318e-02 -4.88771088e-02 -1.87575385e-01  1.71182662e-01  1.63276047e-01
 -5.29038236e-02 -4.20148345e-03  8.48587006e-02  1.39168575e-01  3.74565870e-02 -1.04391105e-01 -2.06351668e-01  1.42548189e-01 -9.36796144e-02 -3.11529879e-02  1.37080595e-01 -5.88922128e-02
  3.63233015e-02 -1.79775655e-01  5.92564344e-02  4.87388968e-02  8.41311216e-02  1.68076888e-01  1.32697538e-01 -2.36550588e-02 -1.19122170e-01 -2.48119072e-03  2.39372239e-01  5.90415485e-02
 -2.02286124e-01  5.27305454e-02 -2.44879313e-02 -5.86403087e-02  1.87557727e-01  4.85358052e-02 -1.83496684e-01 -7.35913515e-02 -9.31749269e-02  1.03239469e-01  8.07710886e-02 -4.72928584e-02
  1.19042978e-01  2.67061383e-01  2.41303220e-01  7.90826976e-02 -1.36400476e-01  1.28492847e-01 -5.28590120e-02  3.18504237e-02  8.09080750e-02  3.88727821e-02  8.57663527e-03 -1.17061049e-01
  1.05516344e-01  1.59389928e-01 -1.84249356e-01  9.14804041e-02  6.97743893e-02 -1.98455796e-01  1.06674410e-01  8.18566829e-02  4.74401116e-02  2.17746124e-02 -8.47378299e-02 -9.96004120e-02
 -1.03501178e-01 -4.32292633e-02 -2.03289673e-01 -3.31410557e-01  5.43959625e-02  1.59010664e-01 -2.10283726e-01 -1.59994364e-01  1.41045138e-01  1.04376972e-01 -2.36079440e-01 -2.61668682e-01
 -1.52725562e-01  8.73970836e-02 -7.69018382e-02  9.48630795e-02  1.35801628e-01  2.77359545e-01  1.28328517e-01  4.84992489e-02  3.89468446e-02  1.19184569e-01 -1.47739887e-01 -9.51539278e-02
  1.30577877e-01  1.01757981e-01 -1.59848288e-01 -2.79723138e-01 -2.57722139e-02  5.95609248e-02 -1.92306325e-01  1.30971283e-01  1.52815552e-03 -2.71869991e-02  2.19324335e-01 -2.67573236e-03
 -3.04214031e-01 -1.30908802e-01 -8.44387710e-02 -1.73749030e-01 -8.02910551e-02 -1.06560774e-01 -1.14704214e-01 -1.01396285e-01  5.36869951e-02 -8.62300396e-02 -1.00508846e-01 -2.38297656e-01
  1.10911742e-01 -1.28958061e-01 -9.94727835e-02  1.03286982e-01 -1.81718349e-01  9.40113291e-02  2.10728824e-01  4.29721661e-02  3.29458639e-02 -6.88520521e-02  9.52609703e-02  2.68397834e-02
  1.12318210e-01  1.26165375e-01 -1.51669770e-01 -1.76199049e-01 -1.52081177e-01  1.76347449e-01 -7.42053241e-02 -1.47766545e-01 -7.72989392e-02  7.47922063e-02 -9.48465765e-02  6.68997839e-02
  7.30049834e-02 -1.63128629e-01 -1.65236704e-02 -1.97080702e-01 -8.17045644e-02 -1.39295444e-01  1.49108320e-01  5.17952368e-02 -7.70412460e-02 -1.03173256e-01 -1.47192881e-01  5.32837398e-02
  1.24009177e-01  1.14379384e-01  6.15564287e-02 -7.55495504e-02  1.20151713e-01  2.68783676e-03  9.79962721e-02 -9.47528034e-02 -5.26843444e-02 -2.13704765e-01 -1.22808941e-01  2.00242639e-01
  7.45788589e-02 -4.00999412e-02  1.42391190e-01  1.73400313e-01  3.34631652e-02  1.04326107e-01  2.39869535e-01 -2.44458452e-01 -1.90926835e-01  1.16739877e-01 -1.37335822e-01 -4.27534133e-02
  1.61723837e-01  1.15236945e-01  2.50697415e-02  4.09998558e-02  1.29070163e-01 -6.62503541e-02  1.07009746e-01 -1.43760249e-01 -2.96227280e-02 -3.03863287e-01 -1.02045812e-01 -1.42936736e-01
 -2.31568083e-01 -3.13220084e-01 -1.18033417e-01 -1.15573086e-01  6.51653334e-02 -2.70376474e-01 -9.49449837e-02  1.11088440e-01 -1.00913376e-01 -1.07223066e-02  5.75658754e-02  8.16583708e-02
  1.12250522e-01 -7.27536231e-02  1.15747452e-01 -1.88521799e-02  9.14943665e-02  1.25185415e-01 -1.70028061e-01  3.48932855e-02  8.96611661e-02  9.69363227e-02  1.40414372e-01 -1.26352683e-01
 -1.35093391e-01  8.70388821e-02  1.22776613e-01  4.36092131e-02 -1.21585272e-01  2.11893022e-01  9.81913507e-02 -1.15761399e-01  1.17441406e-02 -2.43057877e-01 -3.32122222e-02 -1.56665280e-01
 -8.83489028e-02 -1.19438961e-01  1.06895506e-01 -2.30017066e-01  1.36594504e-01  3.94986719e-02  2.08340469e-03 -6.84293881e-02  5.19985110e-02  9.54349935e-02  1.39509350e-01 -1.56975523e-01
  1.09702721e-01 -1.82424799e-01  1.08775280e-01  2.84780771e-01  2.10003003e-01 -3.01545799e-01 -1.16010411e-02 -1.23393647e-01 -1.45822287e-01 -6.60384446e-02 -1.69580400e-01 -2.47385636e-01
  2.27057580e-02  3.38257223e-01  9.34821293e-02 -2.91337818e-01  1.95090920e-01 -1.58720434e-01  4.62967233e-04  1.44706532e-01 -2.34679203e-03 -2.51841486e-01  6.06306605e-02 -1.45013392e-01
  1.43879890e-01  3.80122848e-02 -2.16320276e-01  1.53613821e-01 -6.07964918e-02 -9.53713655e-02 -1.74392596e-01  1.11525021e-01 -1.08939923e-01  1.60038739e-01  1.04412794e-01 -2.12207168e-01
  1.46089211e-01  2.11788490e-01 -5.50110228e-02 -1.81574225e-02  7.96379820e-02  1.51562706e-01 -1.33233726e-01  8.86823386e-02  6.85705021e-02  1.55759305e-01 -2.53597200e-01  1.17345683e-01
  5.09838350e-02  1.05457589e-01 -1.37260258e-01  1.14789911e-01  5.57770208e-02 -1.73058867e-01 -1.34900883e-01  2.12031845e-02  2.51027625e-02 -4.92794327e-02 -3.15961510e-01  1.01694725e-01
 -2.06819564e-01  1.07172363e-01  9.87626836e-02  3.32521088e-02 -4.51144688e-02  8.16249028e-02 -1.74262241e-01  1.06821366e-01  2.18333714e-02 -6.75792471e-02  1.40260622e-01  6.56056544e-03
 -1.27731860e-01  3.07983905e-02  2.80432515e-02  8.87401924e-02 -1.46350309e-01 -1.90681461e-02 -8.07686225e-02  1.32905170e-01  1.22443363e-01  2.00970303e-02  9.36037153e-02 -2.06330121e-01
 -2.01566026e-01  1.07691273e-01  8.26327652e-02 -2.12744832e-01  9.47130173e-02 -1.23528868e-01 -1.50638193e-01  1.89633384e-01  1.26916647e-01 -2.16944546e-01 -9.73524749e-02 -1.12132490e-01
  1.33896843e-02 -3.10506999e-01 -2.10280299e-01 -2.21900076e-01  1.09773658e-01  6.00657463e-02  1.30819753e-01  7.67173544e-02  1.70548633e-01 -1.05685323e-01 -1.63510695e-01  1.08311638e-01
  2.47653294e-02 -2.17276782e-01  1.62624463e-01  2.24179719e-02  2.45524004e-01  6.05433770e-02 -9.15416107e-02  6.72832727e-02 -1.21315621e-01  1.41150162e-01 -6.47094622e-02  9.71135199e-02
  1.15497127e-01  1.32459402e-01  3.50668728e-02  1.19197026e-01  9.60767493e-02 -2.58315187e-02  8.65602866e-02 -9.95400921e-02  1.51548594e-01 -1.54009938e-01 -1.46984696e-01 -2.22196683e-01
 -3.06900263e-01  2.30321005e-01  1.32764712e-01  1.79864034e-01  8.06280877e-03 -7.28462562e-02 -2.03634605e-01  9.82900262e-02 -2.00515643e-01  5.72578870e-02  4.62523960e-02  3.05059110e-03
 -3.69578116e-02  3.25193182e-02  1.85516328e-01  1.36479020e-01 -1.81722805e-01 -1.14566468e-01  2.06658319e-01  6.82716146e-02  1.32943884e-01  1.97957277e-01  6.21742345e-02  1.05867341e-01
 -2.59123426e-02 -8.97079855e-02 -2.67815650e-01 -1.00241221e-01 -2.30568931e-01 -3.03497136e-01  2.23873362e-01  1.80964559e-01  1.22559689e-01 -1.48653895e-01 -1.65997848e-01  2.28711084e-01
 -9.98673365e-02  6.31320402e-02 -1.07563436e-01 -2.62722433e-01 -6.93867803e-02 -1.38804227e-01 -2.05079466e-01  1.25386238e-01 -1.57533437e-01 -2.67858446e-01  1.99169423e-02 -4.96768467e-02
  2.36338988e-01  2.42644474e-01 -3.90702821e-02  6.96885511e-02  1.28638625e-01  9.87811759e-02 -7.80562460e-02 -1.51621290e-02 -8.27687830e-02 -8.09942093e-03  3.47987115e-02  5.77848516e-02
  1.02694124e-01 -2.17339635e-01  1.23406224e-01  1.39571756e-01  1.09476849e-01 -2.01180801e-01  1.50946245e-01  1.05367146e-01 -2.18379021e-01  4.73039448e-02  5.60099855e-02 -3.12425308e-02
  1.21665291e-01  8.01028088e-02  3.40568200e-02 -1.62388787e-01 -4.14673910e-02 -2.56551981e-01 -2.77677178e-01  9.79364067e-02  2.18704250e-02  1.70792431e-01  8.26204196e-02 -1.40347123e-01
 -3.39560136e-02 -3.80601734e-02  6.86683282e-02  1.85695924e-02  7.79111609e-02  7.58146718e-02  1.36856977e-02  1.09253630e-01 -1.56950593e-01  1.37451246e-01  7.42058977e-02  9.48223174e-02
 -2.29044557e-02  8.08231086e-02 -1.45803973e-01 -1.30441263e-01  4.05836813e-02  1.58743292e-01  7.33326003e-02 -2.48132676e-01 -3.48852426e-02  1.57473356e-01 -1.66142866e-01 -5.15314005e-02
  8.22132528e-02  6.68172687e-02  6.18339926e-02  1.62890404e-01 -1.21773742e-01  1.21908724e-01 -1.58818766e-01  1.65683910e-01 -1.20577395e-01 -3.15218896e-01 -2.07487270e-01  1.81514211e-02
 -3.61712724e-02  1.08550876e-01  5.81803992e-02  1.70419261e-01  1.20403089e-01  9.71784517e-02  1.15152061e-01 -1.21428370e-01  1.04790047e-01 -2.17620619e-02  8.34645554e-02 -2.82278001e-01
  1.56152338e-01  1.13612823e-01 -2.47812038e-03  1.17075332e-01 -1.18337840e-01  1.32652316e-02  1.86236992e-01 -1.91047549e-01  1.58581689e-01  1.17332503e-01 -2.98968572e-02  1.72664866e-01
 -8.92175734e-02 -5.97156100e-02 -1.53563276e-01 -1.17486984e-01  1.33919001e-01  1.78898275e-01 -2.42338213e-03 -1.41502991e-01 -3.33600827e-02  1.15979686e-01 -6.18614033e-02 -1.06193073e-01
 -2.10679546e-01 -1.49762079e-01  3.39602195e-02  2.40690075e-02  5.56672923e-02  1.07947737e-01  6.51740655e-02  1.43887877e-01  2.79465895e-02  1.07878176e-02  6.87431544e-02 -6.08855523e-02
  1.25937715e-01 -1.90218389e-01 -1.80089682e-01 -2.80191720e-01  7.84172043e-02  5.34488410e-02 -1.61829233e-01  7.55382106e-02  8.85457471e-02 -5.66084050e-02  8.41053724e-02  3.79107855e-02
 -1.63603529e-01 -2.73904979e-01  1.62908465e-01 -3.79886068e-02 -6.29793108e-02 -4.87006530e-02  1.30278304e-01  1.41851425e-01  1.33672282e-01 -8.19629058e-02 -1.22070089e-02  7.32642636e-02
 -9.49203521e-02 -8.85171816e-02 -1.87331572e-01  1.64357480e-02  2.80319173e-02  6.29607588e-02 -7.53410012e-02  7.29805529e-02 -2.38999084e-01 -4.69450951e-02  1.64891756e-03  3.95695232e-02
  3.09842471e-02  7.32317790e-02 -1.41509697e-01 -1.95098028e-01  9.99651384e-03 -1.27493814e-01  8.04754794e-02  8.67084265e-02 -1.21159524e-01  1.49269059e-01 -1.39822811e-01  1.25423968e-01
 -1.43565208e-01  1.14353776e-01 -5.02434447e-02  6.94845989e-02 -7.00544715e-02 -8.53457302e-02  6.39331853e-03 -1.25420541e-01  9.00870934e-02 -2.42648214e-01  1.15459420e-01 -2.17359081e-01
 -1.17006198e-01  1.62800208e-01  1.54431775e-01  1.04250476e-01 -2.21459255e-01  1.29709259e-01 -1.27832413e-01  1.83282614e-01 -1.51340738e-01  1.00198835e-01 -6.80385008e-02 -2.94079512e-01
  6.40534908e-02  5.19119985e-02 -7.41903335e-02 -1.00728318e-01  9.01789442e-02  2.16782605e-03  2.23406211e-01 -2.12589875e-01  1.76544175e-01 -1.17560185e-01 -1.51974052e-01 -2.43805617e-01
  2.12916896e-01 -2.37750664e-01 -1.16095603e-01  1.35500610e-01 -1.47825569e-01 -1.42590135e-01 -1.04207799e-01  1.17520861e-01 -1.81776121e-01 -1.80341810e-01  1.50045780e-02 -2.31587678e-01
 -1.30921185e-01 -1.81055859e-01 -1.82555258e-01 -2.75629610e-01  1.66873008e-01  1.57588601e-01 -2.50328630e-01 -1.67005762e-01  1.34846523e-01  2.00247601e-01 -9.90626514e-02 -1.19573697e-01
  7.46471211e-02  2.00419441e-01  1.16571598e-01  1.69172540e-01 -4.34798263e-02 -1.10330805e-01  8.91073886e-03 -2.67198920e-01  1.89159393e-01 -1.52966008e-01  1.02711514e-01 -1.81811918e-02
  8.55570734e-02 -2.10576020e-02 -1.00060768e-01 -1.85783297e-01 -3.74593884e-02 -4.70963717e-02 -1.58184245e-02  6.12715073e-02 -1.38958707e-01 -2.18977615e-01  7.40188509e-02  4.89360765e-02
  1.90431818e-01 -6.64966255e-02 -1.32691741e-01  1.86592042e-01 -1.54318854e-01 -1.69137806e-01 -1.12839468e-01  4.63459194e-02  8.49259123e-02  7.17665032e-02  1.56902552e-01  1.50188625e-01
  1.34592364e-02  1.71935037e-01 -7.86628947e-02  2.67823823e-02 -1.92358911e-01  4.61600572e-02  7.31225833e-02 -2.42979340e-02  1.56747773e-02 -1.35017559e-02 -1.89570203e-01 -1.36964932e-01
 -2.49400616e-01 -1.55374646e-01 -6.88904664e-03 -1.80881247e-01 -2.48130336e-01 -1.75239518e-01 -1.09973006e-01  1.01452619e-01 -6.72769323e-02 -1.52211279e-01  7.49479309e-02 -1.82489842e-01
 -1.01038001e-01  8.53594840e-02  1.67606071e-01  1.26985952e-01  7.76304975e-02 -3.77503061e-03 -1.41698226e-01  7.82872736e-02 -2.01224118e-01 -1.21281944e-01  1.99657887e-01 -2.41600737e-01
  9.90507677e-02  9.49466228e-02 -2.00554833e-01  2.12211251e-01  7.04394504e-02 -5.93061075e-02  5.21431342e-02 -1.20917715e-01  1.38470784e-01 -1.90445289e-01  1.16934843e-01  9.21463966e-02
 -2.84043550e-02  8.86759162e-02  1.98562562e-01 -6.27800673e-02  4.16264609e-02 -1.42670825e-01  9.49306563e-02 -1.56675577e-01 -4.14134376e-02 -1.40935510e-01  1.07235774e-01  7.79552460e-02
  8.41685534e-02  9.46403742e-02 -5.71965538e-02 -1.65202081e-01 -1.04876934e-02 -1.25553563e-01 -1.61578000e-01  5.90654127e-02  5.93446940e-02  1.14879861e-01  6.02721758e-02 -1.36348292e-01
 -3.25216949e-02  5.65968528e-02  7.97416195e-02 -1.39250875e-01 -3.44944037e-02  8.36507902e-02 -2.22326871e-02  1.59851432e-01  8.08455795e-02 -1.52424648e-02  1.34981319e-01 -2.24469930e-01
  3.06253135e-01 -2.29702219e-01 -9.72985569e-03  1.35702148e-01 -1.77849814e-01  1.14987299e-01  8.77280235e-02  8.89152288e-02 -1.50872499e-01 -1.43326208e-01 -1.39059857e-01 -2.95410980e-03
 -1.33635938e-01  4.99774925e-02  9.95688587e-02  1.37059852e-01 -6.16501421e-02 -1.24058753e-01  1.28993601e-01  1.83996316e-02  1.44060478e-01  1.23758065e-02 -4.43772506e-03 -5.41504286e-03
 -1.05160117e-01 -5.20177484e-02  1.50135756e-01 -9.50847268e-02  1.23081185e-01  1.07169181e-01 -7.48515129e-02 -1.40460134e-01 -3.15964855e-02  8.38604718e-02 -9.51324478e-02  7.32355341e-02
  9.43887681e-02 -8.92363712e-02 -1.55669615e-01 -3.70082743e-02  2.06961587e-01 -2.17100885e-02 -1.92001969e-01  3.00424844e-02 -1.18584804e-01 -1.61755994e-01  1.25870839e-01  7.89559167e-03
 -1.52147204e-01 -1.39000118e-01 -1.69483498e-01 -2.42074549e-01  1.87559143e-01  1.51909515e-01 -7.76593294e-03  1.45711720e-01 -9.32341591e-02 -1.94022909e-01 -1.13520451e-01  8.89722928e-02
 -9.02279187e-03  1.94600359e-01 -1.35497123e-01 -2.92941984e-02  9.05487239e-02 -2.85512526e-02 -1.97126135e-01  1.70434192e-02  5.81582896e-02 -1.25196666e-01  1.16818242e-01 -1.75576970e-01
  1.49893746e-01 -2.70257480e-02 -8.54831487e-02 -6.98179677e-02  1.66698620e-01  5.69942258e-02  5.97546846e-02  6.30497262e-02 -1.66217372e-01 -1.53801635e-01 -1.84101313e-01  1.46771014e-01
 -3.30612287e-02 -2.19989449e-01  1.42290056e-01 -1.93238687e-02  1.52721301e-01 -4.14530635e-02  6.51510134e-02  2.75920592e-02  1.49347186e-01  1.83117434e-01  1.19681142e-01 -1.47924423e-01
  4.69283052e-02  1.46111354e-01 -1.03434935e-01 -1.32930398e-01 -8.75285566e-02 -1.82495207e-01  1.56442642e-01  5.86776920e-02  5.24225235e-02 -2.13762641e-01  3.82739753e-02 -1.25223175e-01
 -9.68794674e-02 -3.78502421e-02 -6.85918182e-02  2.31455505e-01 -1.99843243e-01 -1.69676244e-01  2.17089131e-02 -1.57327518e-01  9.58102643e-02  1.22618310e-01  6.41023740e-02  7.72346859e-04
  1.00652561e-01  1.77119449e-02  1.11003876e-01 -2.06055436e-02 -1.20754749e-01 -6.20391294e-02 -3.49971615e-02 -1.02321599e-02 -5.90058193e-02 -9.81245115e-02  1.90774620e-01 -3.17980498e-02
  4.09221016e-02  1.57152846e-01  1.01607867e-01  2.79660546e-03 -1.21162636e-02 -1.02130182e-01 -4.68585715e-02 -4.36663032e-02  2.46143609e-01 -9.62065607e-02 -1.50376856e-01  4.49870564e-02
 -4.13426608e-02  1.67837501e-01 -1.12580776e-01  1.81278631e-01  8.90382305e-02 -6.80689216e-02  1.61811858e-01 -5.08032888e-02 -1.70959473e-01 -1.70055166e-01  1.21756047e-01  5.92047349e-02
 -1.66059621e-02  1.80207700e-01 -2.11375833e-01  3.14437598e-02 -1.41180724e-01  1.19685069e-01 -1.64180756e-01  9.58608463e-02  2.50969291e-01  1.11074969e-01 -1.66927725e-01 -6.49564490e-02
  9.26238224e-02 -1.13449194e-01  5.80125339e-02 -1.80536658e-01 -3.10880076e-02 -3.18209990e-03 -2.14833289e-01 -1.74587607e-01 -1.80232286e-01 -3.37396711e-02 -1.08770110e-01  1.63596366e-02
  1.30372718e-01 -3.72135714e-02 -1.97791606e-01 -1.44350052e-01 -2.03111723e-01 -1.10386208e-01 -1.38481706e-01  1.80727974e-01  1.04143560e-01  1.06462352e-01  8.26296806e-02 -6.76264707e-03
  3.69471274e-02  7.07757398e-02  1.47327900e-01 -4.00710572e-03 -1.11275539e-01  1.71023637e-01 -2.63681680e-01  3.38338837e-02 -2.32814610e-01 -1.77932665e-01 -9.04863477e-02  1.25673577e-01
  6.67745173e-02  4.98970449e-02  5.82565442e-02 -5.77266663e-02 -8.68093148e-02 -8.60918080e-04  9.10851732e-02 -1.93093985e-01 -1.61602512e-01 -1.92467809e-01  1.39679730e-01  5.40321916e-02
  1.38974667e-01  6.54740110e-02 -2.08895341e-01  8.00374374e-02 -1.36164948e-01  1.39704093e-01  8.03806335e-02 -1.50417939e-01  1.55239180e-01  1.25408590e-01 -1.21580556e-01  1.00924321e-01
  9.04662311e-02  1.25584036e-01 -5.80340289e-02  1.00167662e-01  3.82610969e-02  1.22762807e-02 -1.85836047e-01 -2.28170201e-01  1.75640300e-01  6.33791313e-02  1.66828290e-01  1.65396839e-01
 -1.61600336e-01 -9.28475857e-02  1.82292491e-01 -9.59280431e-02  1.08597189e-01  1.42153054e-01 -1.78233653e-01 -1.84603870e-01 -5.38145155e-02 -2.71223128e-01 -1.97907031e-01 -4.56392393e-02
  1.58563972e-01  1.09708503e-01  1.71792567e-01 -1.90693989e-01 -5.91283031e-02 -3.90844606e-02 -1.12908863e-01  1.97689340e-01  8.42549279e-02 -7.86818191e-02 -1.30837902e-01 -1.58533126e-01
  1.38329282e-01  1.55438006e-01  5.56926196e-03  7.62406811e-02  8.86311010e-03  6.60169050e-02  1.64732978e-01  1.14117615e-01 -7.02610835e-02  4.10986766e-02  9.66126397e-02 -1.49629816e-01
  7.03555048e-02 -3.75363231e-02  1.49478272e-01  1.34236872e-01  1.89461961e-01 -2.44548231e-01  1.15551934e-01 -1.14204973e-01  1.15356602e-01 -1.31188333e-01 -6.01034425e-03  1.08125076e-01
  7.84723461e-02  1.09686084e-01 -1.74830884e-01  1.06649071e-01  5.54569475e-02 -1.97258577e-01 -8.53369161e-02 -5.72617315e-02 -1.04918726e-01  1.00233816e-01  6.58232868e-02 -1.22731224e-01
 -2.06804574e-01 -2.54136771e-01 -1.94293350e-01 -1.33034497e-01  1.21391870e-01 -1.12509325e-01 -4.47594561e-02  6.38013184e-02
