-3.16983014e-02  1.13376873e-02  3.57134049e-05 -9.89933014e-02  7.03677360e-04 -2.74308633e-07 -2.92691955e-04 -3.60134661e-01  6.08726107e-02 -5.46766852e-04 -1.42145694e-07 -8.64570588e-02
 -2.27450556e-03  1.09004088e-01 -5.62628359e-02  5.55791669e-02  5.16234040e-02 -1.95472807e-01  2.30179399e-01 -7.16501176e-02  8.96769110e-04  6.35828897e-02 -3.66428681e-02  7.59836212e-07
  4.18647006e-02 -9.76646766e-02  3.77025418e-02  1.00940333e-07 -3.41313845e-03 -1.02823498e-02  5.41393133e-03 -5.40965609e-02  2.36801334e-05  1.94540064e-07 -3.30077410e-02  1.04816310e-01
 -2.81409683e-07  8.56632832e-03 -1.08566374e-01  7.55498633e-08 -1.58648472e-04  4.88989201e-07 -7.80434832e-02 -6.65923730e-02 -6.01766772e-07  7.77108289e-06  6.50521647e-03 -4.40973043e-03
  4.01444186e-06  2.01986751e-07 -2.71460991e-02 -7.41542950e-02  9.26355645e-03  1.47428080e-01  2.09052842e-02 -2.27288634e-01 -7.08121508e-02 -9.36854035e-02 -9.27732885e-03  9.39528197e-02
  1.57976615e-07 -2.88548797e-01  4.43760157e-02 -1.63563311e-01 -5.37369139e-02  3.38433534e-02  4.51013875e-05 -2.80443560e-02  8.80561347e-05 -2.04037192e-07 -6.09943643e-04  1.21750876e-01
  9.74201560e-02 -3.09455325e-04 -1.22622805e-06 -3.18609737e-02  7.74486922e-03  5.31499870e-02 -3.03193498e-02  2.27065869e-02 -1.31087393e-01 -1.21970564e-01  7.57008791e-02 -1.26364768e-01
 -6.64431276e-03 -1.22993901e-01 -8.89731850e-03  5.01569104e-07  8.35434254e-03 -1.01155490e-01  4.80163917e-02 -6.91047504e-08  4.07465966e-03  7.74854720e-02  9.19077080e-04 -8.34058747e-02
  1.59480012e-04  3.88944812e-07  1.08126476e-01  5.29133044e-02 -1.22439602e-07  3.92638370e-02 -9.22065526e-02  6.36386730e-08 -6.39241247e-04  4.28947367e-08  1.64791550e-02  1.21021129e-01
  1.69995246e-07  7.35560161e-06  5.82321454e-03 -4.97825742e-02  5.03938793e-07  2.86157587e-07 -9.67891365e-02 -1.55883759e-01  8.47789459e-03  1.39481053e-01 -1.23688176e-01  2.42733359e-01
  1.22458920e-01 -1.59167528e-01 -3.56077217e-03  2.56574340e-02 -4.38576642e-08  1.43560812e-01  8.88210163e-02  4.43605781e-01 -7.45939389e-02 -1.06154662e-03 -1.49690877e-05  1.83929112e-02
  7.83264404e-04 -1.07111489e-07 -7.39239913e-04  2.14544505e-01  2.72109490e-02  5.10687882e-04 -1.34959214e-06  1.02833986e-01  2.92813648e-02  7.20137404e-03 -6.16111755e-02  4.68508638e-02
  1.17245801e-01 -1.98876902e-01  5.15636690e-02 -8.20441395e-02 -9.52025410e-04  6.32562488e-02  4.09428068e-02  2.01036187e-07 -1.96132641e-02 -1.01138383e-01  4.37571555e-02 -4.91089018e-08
  9.30825900e-03  5.60979620e-02  3.96929756e-02 -1.59416907e-02 -1.32433461e-05  3.43030052e-07  3.05427995e-04  1.79397929e-02 -2.57183757e-07  2.26145168e-03 -1.21332727e-01  8.12837087e-08
 -1.21466968e-04  4.82522466e-07  9.76726264e-02 -1.09914221e-01 -2.20051021e-07  1.49029220e-05  4.86958958e-03 -1.67271849e-02  1.80719894e-07  2.12854061e-07 -2.78725456e-02 -1.15714878e-01
  3.65604623e-03  1.15047969e-01  6.74787536e-02 -8.77637044e-02 -3.22805978e-02 -4.32644300e-02 -3.06231575e-03  8.24245587e-02  1.62367058e-07  2.83625007e-01  2.94646397e-02 -2.28764728e-01
  2.28820518e-02 -2.23233234e-02  4.16804105e-05 -2.74269044e-01  2.90147756e-04 -1.77827175e-07 -1.25781153e-04 -5.33145964e-01  9.88849550e-02  7.50309409e-05 -3.64368844e-07 -2.68939286e-01
  1.09967450e-02  1.47809580e-01 -4.09968048e-02  1.21828571e-01  6.22401722e-02 -3.81899998e-02 -2.71342725e-01 -6.41829297e-02  3.27230208e-02  9.38406736e-02 -4.85758930e-02  9.95362029e-07
  6.93097264e-02 -2.11929470e-01  5.70928715e-02  1.53346846e-07 -5.38598141e-03  1.95941608e-02  7.33339265e-02 -4.88939956e-02  9.80256591e-05  1.57562695e-07 -2.22504750e-01  1.12160780e-01
 -1.12484621e-07 -3.51541080e-02  9.25715268e-02 -7.97009321e-08  2.20250586e-04  1.73267892e-07 -1.13275304e-01 -2.76362538e-01  1.15206205e-07  2.19432945e-06  8.67960788e-03 -6.33050594e-03
  3.64094080e-06  2.05449425e-07  1.44116406e-03 -1.67127073e-01  9.23302490e-03 -1.54093057e-01  8.13373327e-02 -5.71872778e-02 -1.69339459e-02 -1.06174521e-01 -9.29383002e-03 -1.05393581e-01
  2.80845178e-08 -1.97197124e-01  1.69744059e-01 -1.37363032e-01 -2.10878905e-02  6.25213236e-03  4.78911243e-05 -3.68717089e-02 -5.97829930e-04 -4.38832295e-08 -4.56145033e-04  2.10129440e-01
  1.19174272e-01  1.79421972e-04 -1.40968507e-06 -1.98657319e-01  1.61476731e-02  8.96882042e-02 -1.78155191e-02  7.29678422e-02 -1.94746017e-01 -6.03484809e-02 -1.27545163e-01 -6.45903647e-02
  2.27769371e-02 -1.62679225e-01 -2.86780857e-02  6.00712497e-07 -8.68221465e-03 -1.88414767e-01  3.92413810e-02  1.15369732e-08  1.75622618e-03  4.08764891e-02  9.93203297e-02 -3.63584496e-02
  2.34937281e-04  2.91286426e-07  1.76483735e-01  2.09597982e-02 -7.61799299e-08  4.84926393e-03  7.31470808e-02 -1.11535661e-08 -2.58086016e-04 -3.66224469e-07  1.24291927e-02 -6.67896941e-02
  8.37319476e-07  1.80244285e-06  5.81675628e-03 -7.13156164e-02  3.61943449e-07  1.55362429e-07 -8.63637328e-02 -2.21326768e-01  1.00043798e-02  1.08201820e-02 -1.27910838e-01  3.09578598e-01
  2.03550026e-01 -1.70189112e-01 -2.41464120e-03 -1.45466059e-01 -1.93147827e-07 -1.13988966e-01  1.95885226e-01  8.56756419e-03 -2.28839610e-02 -1.30322119e-02 -2.26015836e-05 -1.92866012e-01
  3.87750886e-04  8.68102319e-08 -5.05464966e-04  5.06365716e-01  5.24534360e-02  6.63365237e-04 -1.46375373e-06  9.54548195e-02  4.33511212e-02  3.52651700e-02 -5.07081375e-02  1.24807000e-01
  1.63384736e-01 -9.18470621e-02 -1.08789019e-02 -4.24732752e-02  1.58341397e-02  5.86228892e-02  2.82150395e-02  1.86735747e-07 -2.35748813e-02 -2.11248204e-01  1.71679426e-02  1.73351893e-08
  6.75208960e-03  1.42588094e-02  1.09550916e-01 -5.61323762e-03  4.01235447e-05  2.42506559e-07 -2.77875960e-01 -2.89162230e-02 -1.89454397e-07 -2.27006041e-02  1.54576153e-02 -9.34709554e-09
  1.41172990e-04  2.00501006e-07  1.41274691e-01 -8.04785490e-02  6.04962338e-07  9.87075418e-06  3.08047049e-03 -1.76216681e-02  1.24739231e-07  2.60087376e-07 -1.86937172e-02 -2.20202953e-01
 -2.86787050e-03 -1.59417599e-01  1.23365022e-01  8.36692005e-02 -5.13210939e-03 -2.80643087e-02  1.70395593e-03 -6.96410909e-02  5.05041484e-08 -2.30548587e-02  1.08468503e-01 -2.68577278e-01
  3.38687301e-02  2.97358669e-02  2.63103375e-05 -1.42977178e-01  6.52829360e-04 -1.85314974e-07  9.65493309e-05 -3.72215688e-01  4.27017100e-02 -4.68687707e-04 -5.16949058e-07  1.53466478e-01
  2.08480339e-02  1.32713526e-01 -2.57486328e-02  6.97878972e-02  5.12655303e-02  2.16498762e-01 -1.36948109e-01  7.71945715e-02 -3.92977381e-03  5.33220246e-02 -4.39066626e-02  4.33734357e-07
  1.32804930e-01 -1.00979887e-01  3.30709247e-03  1.14078688e-07 -4.45372751e-03  2.55730585e-03  5.69884479e-02  2.34291423e-02  3.83020197e-05 -6.17634299e-09 -6.45611510e-02  7.05010295e-02
  1.85305609e-07 -2.48247031e-02 -1.87681764e-02 -1.01704787e-08  1.23213307e-04  3.05770783e-07 -7.04434440e-02 -1.34989262e-01  8.73854731e-07  4.63120887e-06 -4.70593630e-04 -1.11000787e-03
  3.98309248e-06  1.99511163e-07  3.46080065e-02  3.55530381e-02  2.65652058e-03 -1.19988792e-01  1.12260960e-01  2.37549711e-02 -7.41651133e-02  9.96496528e-03 -4.24618460e-03 -1.82863608e-01
  2.13010964e-07  3.05452883e-01  3.84696275e-02  2.19688684e-01  3.68789257e-03  3.02479584e-02  2.90595181e-05  1.74265459e-01 -2.85902697e-05 -5.73353205e-08 -3.04108107e-04  1.22639120e-01
  2.83026099e-02  8.66098126e-05 -1.43802652e-06  5.42711206e-02  2.12002788e-02  6.80951104e-02 -6.64472254e-03  3.03126276e-02 -1.46848336e-01  1.16352715e-01  1.58101857e-01  9.75182503e-02
 -6.72798557e-03 -1.19927362e-01 -3.82735208e-02  3.07289980e-07  5.55580333e-02 -8.82382840e-02 -8.26589987e-02 -2.34889246e-08  1.55258842e-03 -6.19701333e-02  1.00609712e-01  6.37397021e-02
  1.59595627e-04  2.27075105e-07  3.94132286e-01 -1.13131455e-03  9.15076370e-08  1.57208776e-03 -7.50395805e-02  6.12515105e-09 -2.63146154e-04 -1.80611920e-07  1.81104057e-02 -2.89712176e-02
  1.39957433e-06  2.89126251e-06 -5.71439555e-03 -5.44236116e-02  1.03320554e-06  1.34567586e-07 -3.03125307e-02 -2.03852095e-02  5.24391187e-03  5.98342381e-02 -6.54540956e-02  5.82742952e-02
  9.79660302e-02 -8.13057125e-02 -1.44726783e-03 -1.92378521e-01 -7.86864618e-09 -1.06993012e-01  6.02647886e-02 -1.59007370e-01 -3.16947885e-03  3.53601538e-02 -3.63782128e-05 -1.39930531e-01
  7.24403362e-04  3.65889683e-08 -3.18759296e-04  2.83333629e-01  1.55054219e-02  7.59024464e-04 -1.60972729e-06  3.23509187e-01  1.83700975e-02  2.54883934e-02 -4.06359583e-02  4.83908542e-02
  1.03385985e-01  1.95744634e-01  1.24882050e-01  7.81707019e-02 -2.21769307e-02  4.77150492e-02 -1.10575478e-04  1.58523903e-07  4.90196347e-02 -9.48574692e-02 -7.77448416e-02 -1.74099970e-08
  5.71843004e-03 -5.50427139e-02  8.50679502e-02  4.74202670e-02 -2.33375486e-05  5.93998308e-08 -1.18461780e-01 -2.72652674e-02 -8.64158878e-08 -1.40835606e-02 -9.53641981e-02  1.02255804e-07
  1.45932805e-04  3.93407447e-07  1.12547144e-01  1.83855370e-01  1.15258899e-06  1.10472192e-05 -5.83553780e-03 -6.14571664e-03  6.76144111e-07  1.90914037e-07  3.54993604e-02 -1.37971733e-02
 -2.90899235e-03 -8.86690170e-02  9.56377164e-02 -2.34660327e-01 -2.62273066e-02  3.35934535e-02  1.44494683e-04 -1.19356737e-01  1.83325227e-07 -1.09455667e-01 -1.60687473e-02  2.57832170e-01
  4.47681360e-02 -1.83313880e-02  3.06312904e-05  8.91558006e-02  1.63467121e-04 -1.95829756e-07 -1.21629069e-04  2.56916042e-02  1.95999727e-01  1.14789628e-03 -7.04346292e-07 -1.81603599e-02
 -7.74210021e-02  1.04300961e-01 -1.52956843e-02 -4.28065397e-02  8.93339962e-02  1.86338037e-01  4.04525757e-01 -2.02567741e-01 -4.00250545e-03  1.68789640e-01  3.68643831e-03  1.54919295e-08
  8.42363909e-02  9.35349986e-03  5.30340075e-02 -1.28891786e-08 -6.76325196e-03  1.41385525e-01 -8.65966380e-02 -1.62801772e-01  3.56558958e-05  1.93727459e-07 -1.39059409e-01  8.36779773e-02
 -1.33030113e-07 -2.42114030e-02  4.43424881e-02  1.10064484e-07  1.88917460e-04  3.32050917e-07 -1.40538886e-01  1.70691416e-01 -6.54316864e-07 -2.36097139e-06  1.03330724e-02 -1.74736306e-02
 -1.19627646e-06 -9.48933661e-08  8.89224559e-02 -6.93924651e-02  1.88452005e-02 -3.33044380e-01 -3.96876112e-02 -1.61926210e-01 -8.02777931e-02 -8.87084901e-02 -1.57523192e-02  1.85442686e-01
  8.85370781e-08 -5.83163619e-01  7.94493034e-03 -3.02222103e-01  3.14554460e-02  1.40063623e-02  3.01298096e-05 -5.58681861e-02 -2.97880732e-04 -3.77710521e-08 -5.10317215e-04 -1.93076432e-02
  2.17525452e-01  1.97308313e-04 -1.41776468e-06  5.86705320e-02 -8.68343264e-02  2.30361316e-02  4.58318256e-02 -8.41959864e-02 -1.91858992e-01  2.65983045e-01  6.31504506e-02 -2.31406823e-01
 -6.30169176e-03 -1.79019287e-01  5.68607599e-02 -1.85562158e-07  1.90884545e-02  5.41400164e-02  1.29910827e-01 -1.22831580e-07  1.67549588e-03  2.43777305e-01 -1.16549492e-01 -1.92067370e-01
  9.13645636e-05  3.41311221e-07 -3.57615530e-01  1.60219222e-02 -6.61449349e-08  6.77061547e-03  9.03499275e-02  9.22967018e-08 -4.49198327e-04 -9.64981268e-08 -8.42905976e-03  1.31499574e-01
  1.68249713e-07 -4.01110412e-07  6.24709437e-03 -5.94473258e-02 -2.78781476e-06 -7.17245854e-08 -2.86977515e-02 -7.94754028e-02  1.82718039e-02 -4.42643732e-01 -2.28789881e-01  2.36416653e-01
  1.27968848e-01 -1.48515955e-01 -9.55664646e-03  8.39549005e-02 -1.09293836e-07  1.17269196e-01  3.84019166e-02  3.56436968e-01  2.80855708e-02 -1.63181778e-02 -5.53362770e-05  1.03201598e-01
  1.56730530e-04  7.19204678e-08 -8.42010952e-04  5.06548863e-03  1.57995552e-01 -7.05425569e-04 -1.53104679e-06  5.55036813e-02 -5.11474162e-02 -2.07400229e-02  5.82262762e-02 -2.42392533e-02
  1.50791511e-01  1.54738456e-01 -6.01967983e-03 -1.96535572e-01 -2.88851140e-03 -2.43540723e-02  1.12929255e-01 -4.61243900e-07 -2.29785182e-02  2.06915513e-02  1.38047233e-01 -1.13645335e-07
  6.59038918e-03  2.40394577e-01 -9.06639844e-02 -1.38629705e-01 -1.43714482e-04  3.02440753e-07 -6.84670061e-02 -4.75568920e-02 -3.79379429e-07 -1.75116137e-02  3.23903486e-02  6.73839438e-08
 -1.18165510e-04  2.59750891e-07  1.37389258e-01 -2.56254017e-01 -7.96634225e-08  5.31343130e-06  8.73838726e-04 -2.60334574e-02 -3.37807251e-06 -5.17267615e-08 -1.56037754e-03 -6.96327314e-02
  2.77998531e-03 -3.19673002e-01  2.01346166e-02  2.88533747e-01 -1.09049238e-01  9.49807756e-04 -2.67848861e-03  1.40221640e-01  5.34061790e-08  3.60699326e-01  2.65789069e-02 -2.34511465e-01
  9.72806364e-02 -1.46056116e-01  4.01025791e-05  4.73325104e-01 -1.06550078e-03 -3.23913198e-08  4.43035271e-04 -1.16443165e-01  3.08469608e-02  2.25403463e-03 -8.29467524e-07  3.52539122e-02
 -9.04122591e-02  1.04539268e-01  7.30642444e-03 -5.86951226e-02  9.40923244e-02  3.32352929e-02 -3.95000070e-01 -8.26717541e-02  5.75698465e-02  2.47362897e-01  1.48458686e-02  2.45857336e-07
 -3.23367156e-02 -9.73674096e-03 -3.92420292e-02  7.25958405e-09 -9.88899171e-03  7.58931926e-03  8.24480224e-03 -3.60394791e-02  7.80137707e-05  5.84666999e-08  4.67544705e-01  8.64011422e-02
  2.19814027e-07 -9.74733382e-02  1.78634644e-01  1.93184597e-08  6.12860953e-04 -7.34564125e-08 -2.00419798e-01  3.72590572e-01 -1.87719749e-07 -1.32534897e-05  1.46876154e-02 -3.89777012e-02
 -2.12820987e-06  5.59628877e-09  1.69503480e-01 -4.87204902e-02  2.01404430e-02  3.56567234e-01  4.03457507e-02 -4.34209913e-01 -1.20334821e-02 -1.42620783e-03 -2.61064377e-02  2.03054380e-02
 -8.19660855e-08  1.59277871e-01  9.37422961e-02  3.79450023e-01  6.38170317e-02 -1.05258740e-01  3.69023001e-05  4.71471757e-01 -1.68879761e-03  1.50818721e-07  6.05909772e-05 -1.21281214e-01
  5.05309775e-02  9.44683852e-04 -1.40536565e-06  5.95313273e-02 -1.02451563e-01  2.23464891e-02  6.57368153e-02 -1.11447409e-01 -2.77773887e-01  6.30190521e-02 -4.03443068e-01 -5.78655228e-02
  5.31072393e-02 -2.14867160e-01  5.93105294e-02 -8.78658426e-08 -1.23381585e-01  5.62944598e-02  6.55627530e-03 -3.39789814e-08 -1.23437622e-03  3.33287194e-02  4.00312711e-03 -3.28999273e-02
  1.11442256e-04  1.11481079e-07  4.88267332e-01 -2.20677219e-02  1.02763309e-07 -5.54076955e-02  2.09144756e-01 -1.12266720e-08 -1.22713842e-04 -4.83753922e-07 -2.71219816e-02  3.67199212e-01
  6.56046950e-07 -1.02925251e-05  7.22118514e-03 -1.03073411e-01 -3.39109124e-06 -7.69916539e-08  1.87075287e-02 -2.06129290e-02  2.06068065e-02  4.10560131e-01 -2.21340016e-01 -3.99721473e-01
  2.32501924e-01 -6.29951879e-02 -1.77113917e-02 -6.82592094e-02 -3.44129745e-07  2.00008422e-01  1.03157744e-01  3.78688067e-01  9.16636661e-02 -1.15597211e-01 -5.87027971e-05  4.17713076e-01
 -9.38723504e-04  2.95933887e-07 -1.47454324e-04 -5.27094081e-02  7.57953897e-03 -4.27540537e-04 -1.56995861e-06  7.83484522e-03 -5.28712794e-02 -2.39480883e-02  7.50239268e-02 -6.18221844e-03
  1.87811077e-01  1.15171308e-02 -3.11412066e-01 -4.59966920e-02  4.51334789e-02 -3.62279713e-02  1.20239638e-01 -5.69365795e-07 -1.28047764e-01 -1.51484460e-02 -2.05622483e-02 -3.89335675e-08
  3.53681552e-03  1.18709626e-02  2.33367737e-03 -2.27528289e-02 -1.56419541e-04  1.03257101e-07  4.00220633e-01 -1.04747131e-01 -2.23413068e-07 -6.64467812e-02  1.43208101e-01  2.40923050e-08
  9.94363436e-05 -5.80750061e-08  1.71921447e-01  2.92780995e-01  5.05513697e-07 -3.91882531e-06 -2.53425533e-04 -5.00983782e-02 -3.91356662e-06  9.48347534e-08  2.48276517e-02 -6.42614663e-02
 -4.44573723e-03  3.23875874e-01  1.07430086e-01 -2.30815843e-01 -9.24875811e-02  1.13812730e-01 -5.49930148e-03 -2.20007089e-04 -1.44435958e-07  1.12595722e-01  6.92748725e-02  2.60380238e-01
  2.34394465e-02 -1.00126207e-01  2.45882329e-05 -4.59006168e-02  2.66623738e-05 -1.40081070e-07  5.40176872e-04 -1.05606131e-02 -1.04286402e-01  1.39835069e-03 -9.59653448e-07 -1.04868233e-01
  1.08912205e-02  1.14034101e-01 -3.63997295e-02 -7.76998559e-03  1.15500363e-02 -2.02102587e-01 -2.68960427e-02  1.68435678e-01  4.58244383e-02  1.76980078e-01 -3.09049375e-02  2.57683041e-07
  7.60049885e-03  2.20198296e-02 -2.52884030e-01  2.85427255e-08 -8.54355283e-03 -1.83077797e-01  1.91145882e-01  1.86370268e-01  8.06738317e-05 -6.86677097e-08 -3.60864520e-01  3.90723906e-02
  4.10204478e-07 -8.05825591e-02  4.04083803e-02  1.09690440e-07  5.03941905e-04  2.90348709e-07 -1.41874477e-01 -2.98517406e-01  6.50569234e-07 -5.30776106e-06  3.70606012e-03 -2.28773262e-02
  9.17968066e-07 -1.17728343e-08  1.76657587e-01  9.16537791e-02  7.52082001e-03 -6.23231940e-02  1.44614175e-01  4.96711135e-01 -1.04627367e-02  7.62523636e-02 -1.89044736e-02 -8.14519748e-02
  1.40564964e-07  4.74576712e-01  1.02114171e-01 -4.42111418e-02  4.86937771e-03 -9.29965079e-02  2.07478879e-05  1.88820601e-01 -5.56077517e-04  5.04951245e-08  1.50850043e-04 -4.37919013e-02
 -1.15499899e-01  6.30168070e-04 -1.48550578e-06 -1.98587611e-01 -1.59143633e-03  3.16881537e-02  1.05384225e-02 -5.11583351e-02 -2.65821576e-01 -2.39836335e-01  2.63855219e-01  2.07578138e-01
  4.93994355e-02 -1.58920571e-01 -1.02862930e-02  1.19452153e-07 -7.76246712e-02  6.87010884e-02 -3.04716438e-01 -3.30827810e-08 -8.47509946e-04 -2.62814641e-01  2.06781134e-01  2.16051549e-01
  1.06271502e-04  5.97987935e-08 -9.44332108e-02 -4.69827801e-02  3.04856457e-07 -5.51687106e-02  2.73205955e-02  5.90115690e-08 -1.35842114e-04 -1.28102258e-07 -1.52412411e-02 -1.92756087e-01
  1.30795956e-06 -4.05248784e-06 -5.34476852e-03 -7.96817616e-02 -2.95286810e-07 -9.85768338e-08  6.14177957e-02  1.14339441e-01  9.29442048e-03  7.78889284e-02 -7.62215406e-02  7.35235140e-02
  1.82019770e-01 -1.02617070e-02 -1.41774323e-02 -1.44688860e-01 -8.31519316e-08 -1.85599372e-01  1.00047059e-01 -6.77343488e-01  3.02343536e-02 -7.73585737e-02 -6.25465909e-05 -1.30792437e-02
 -1.02686114e-04  2.47356098e-07  1.59688861e-05  9.65110026e-03 -1.07422419e-01 -5.80894819e-04 -1.78605706e-06 -1.60707310e-01  1.51527608e-02 -1.08492654e-03  1.29674375e-02  1.34233106e-02
  7.92133585e-02 -1.28790572e-01  2.88974881e-01  1.85798407e-01  3.31371985e-02 -3.07377744e-02  2.98945755e-02 -2.71196342e-07 -7.12255239e-02  1.69804022e-02 -3.17411304e-01 -6.18478495e-08
  3.10345646e-03 -2.58115262e-01  1.63475767e-01  1.74716353e-01 -1.30226195e-04 -4.52774529e-08 -2.70495355e-01 -9.79775712e-02 -1.03205565e-07 -5.66998534e-02  5.06016845e-03  1.72706891e-07
  8.82623499e-05  3.22160901e-07  1.35697454e-01  1.72881305e-01  1.13943133e-06  2.08139522e-06 -9.08638816e-03 -2.91248653e-02 -1.30795513e-06  5.58841400e-08  6.57718182e-02  8.49284008e-02
 -1.05247684e-02  2.68673524e-02  1.56507254e-01 -5.55406138e-03 -5.55244945e-02  1.37882903e-01 -4.92763007e-03 -8.44061375e-02  4.68543817e-08 -4.74623591e-01  6.00582995e-02 -3.55721898e-02
 -2.30437238e-03  8.41076598e-02 -8.97874179e-06  1.42437011e-01  3.56237579e-04 -1.98392129e-07  2.71763391e-04  3.68857205e-01  5.59114590e-02  5.07538789e-04 -2.02132668e-07 -1.36466041e-01
  2.01249123e-02  4.78780419e-02  2.57834196e-02 -2.50856150e-02  1.08056813e-01 -8.86556506e-02  1.50208861e-01 -5.35753206e-04 -3.77835371e-02  1.47119179e-01  2.66691279e-02 -8.41731890e-07
  7.87332132e-02  6.35482594e-02 -8.39557126e-02 -1.27229256e-07 -4.25690040e-03  3.61653008e-02 -1.53581977e-01 -5.52660823e-02 -1.10793981e-05  2.40126440e-07  2.30187491e-01 -6.24436652e-03
  5.04366753e-08  1.71035342e-02 -1.86410788e-02 -6.97385119e-08  8.10393394e-05  2.77740053e-08 -9.55217630e-02  1.47824705e-01 -8.92752951e-07 -2.01244370e-06 -4.03324468e-03  9.84809827e-03
 -1.27202850e-06 -5.02408284e-07  6.64409474e-02  4.03070152e-02  1.05885407e-02  1.40570283e-01  3.13683897e-02  4.55918610e-02 -8.69361609e-02 -1.72342081e-02 -4.62180376e-03  9.04156789e-02
 -1.39401791e-07 -3.91691178e-01 -1.38758540e-01 -1.81732759e-01  1.87428556e-02  7.83011243e-02 -1.64403882e-05 -2.27525055e-01  4.69105144e-04 -1.89614653e-07 -1.12561147e-05 -1.40830919e-01
  4.84500416e-02 -5.29736280e-04 -6.46362309e-07 -9.27526653e-02 -3.93031538e-03 -4.55389507e-02  9.24147367e-02 -5.35300896e-02 -9.61223319e-02 -4.48104069e-02 -1.24172650e-01 -9.65027977e-03
 -3.37613188e-02 -1.08491123e-01  6.79445118e-02 -8.02618445e-07  2.93597355e-02  1.11137636e-01  1.77457149e-03 -1.29867672e-07  3.68145714e-03  8.82016197e-02 -1.94645956e-01 -7.59877712e-02
  1.01366677e-05  2.80024125e-07 -3.08780730e-01 -3.13956924e-02  7.97087694e-08  1.80598665e-02 -1.71926208e-02 -3.74070623e-08 -4.11294546e-04 -2.15747832e-07 -6.65746816e-03 -4.91435863e-02
 -1.99108456e-07  1.31995830e-06 -5.47873741e-03 -1.28109166e-02 -1.05339575e-06 -4.82977669e-07 -3.01435683e-02  6.44662082e-02  1.30184619e-02 -5.03724292e-02 -1.04708880e-01  1.02452328e-02
  9.96668544e-03 -7.77069703e-02 -4.77586733e-03  1.64213125e-02 -5.10787039e-08  3.44081633e-02 -1.57273486e-01  1.92598090e-01  2.43067257e-02  4.62375581e-02 -7.72535423e-05  8.20683315e-02
  4.24693251e-04 -2.22663559e-08 -3.69448186e-04 -2.63369888e-01  6.91568851e-02 -1.41301297e-03 -7.67080792e-07 -2.11615756e-01 -1.05389918e-03 -4.58312072e-02  1.08906142e-01 -2.79981159e-02
  1.13621742e-01 -4.61157337e-02 -1.64563164e-01 -1.74977612e-02 -2.23781597e-02 -2.20253635e-02  8.46787766e-02 -9.88970555e-07 -1.57104414e-02  8.70472863e-02  1.79766715e-02 -6.79640308e-08
  7.22385896e-03  1.08518727e-01 -1.60308748e-01 -6.42494410e-02 -1.69110659e-04  2.12803656e-07  2.05709234e-01 -4.99798842e-02 -3.06006001e-07  2.00060196e-03  4.15738393e-03  7.97901762e-08
 -1.00336591e-04  9.08577746e-08  1.05953626e-01 -2.55653411e-01 -2.76178355e-07  5.48248136e-06 -4.43325518e-03 -9.17200744e-03 -2.32727302e-06 -3.37878987e-07 -3.31868492e-02  8.15034211e-02
 -2.82208831e-03  9.69766825e-02  3.30243595e-02  1.99682459e-01 -1.36332572e-01  4.62330841e-02  1.26649393e-03  6.35789707e-02  1.34140151e-07  1.59009933e-01 -9.05173346e-02 -5.39983474e-02
 -5.98642230e-02  5.86266369e-02  1.49438472e-06 -1.59070089e-01 -3.36885336e-04 -1.23998390e-07  8.39923101e-04  6.15995467e-01 -1.70311227e-01  1.38358271e-03  2.65798796e-08  3.77753407e-01
  8.31932237e-04  1.56393237e-02  4.76194099e-02 -9.66093615e-02  8.01745504e-02 -3.41425873e-02  1.55746117e-01  6.70900270e-02 -4.27291989e-02  2.21277848e-01  4.56506833e-02 -8.02921306e-07
 -1.18683562e-01  1.46389157e-01  1.43280163e-01 -2.33434037e-08 -6.65255450e-03  4.13056575e-02 -1.70677930e-01 -3.18090781e-03 -4.37213566e-05  3.61797845e-08  6.51315749e-02 -2.55893078e-02
  3.77355150e-07  8.74449685e-03 -1.59973860e-01 -1.33163439e-07  4.70937375e-04 -3.52187357e-07 -1.66155398e-01  9.20460224e-02 -8.18087130e-07 -9.94497532e-06 -1.06558739e-03 -1.67419994e-03
 -1.80113625e-06 -3.27281214e-07  1.18422724e-01  1.35985896e-01  1.30984103e-02  1.71099544e-01  2.89782528e-02  3.50495726e-02 -6.89173490e-02  5.82783334e-02 -1.10395476e-02  1.57593638e-01
 -2.72472477e-07  1.25286564e-01 -2.25771442e-01 -1.06767237e-01 -4.59603705e-02  6.16688058e-02 -1.01486867e-05 -4.72293884e-01 -3.50343995e-04 -4.17633501e-08  6.20109902e-04 -9.78786945e-02
 -1.57949895e-01  7.41198755e-06 -3.02315470e-07  3.21296841e-01 -2.52831690e-02 -7.72265494e-02  1.12277657e-01 -1.27246916e-01 -2.00811610e-01  8.21186323e-03  1.11570060e-02  1.00369744e-01
 -3.82766053e-02 -1.50573567e-01  8.03202838e-02 -7.32858439e-07 -1.75527930e-01  2.05930218e-01  2.05838248e-01  7.06062337e-08  1.78225618e-03  3.92814130e-02 -2.00238943e-01 -1.00549404e-02
 -7.06578139e-05 -5.88302207e-09 -3.62418860e-01 -8.28389227e-02  2.86249815e-07  2.03399323e-02 -1.41218826e-01 -1.96475327e-07 -1.69073421e-04 -5.55480767e-07 -4.57750894e-02 -1.96274817e-01
 -9.25261077e-08 -5.40259680e-06 -5.90240490e-03 -4.30476554e-02 -9.19128183e-07 -3.06650264e-07 -1.89742520e-02  1.97666466e-01  1.64510440e-02  2.45426912e-02 -1.62896201e-01 -3.13269943e-01
  6.55143410e-02 -9.22769681e-03 -8.14157724e-03  6.42784983e-02 -2.88402759e-07  7.80156702e-02 -2.59761512e-01 -2.87339926e-01 -1.63501583e-03  3.93689312e-02 -7.71639825e-05 -2.53041804e-01
 -1.60920827e-04  1.31549882e-07  3.63302650e-04 -3.99415225e-01 -1.16181761e-01 -1.25107728e-03 -5.01340708e-07 -8.93356837e-03 -8.25334527e-03 -7.15108439e-02  1.24744728e-01 -5.64876162e-02
  1.08561188e-01  1.69787053e-02 -3.47133703e-03  6.94140941e-02 -2.94367652e-02 -4.97560650e-02  9.96768400e-02 -1.09348855e-06 -1.79345399e-01  1.38093010e-01  1.61961213e-01  1.15479438e-07
  5.09436661e-03  2.56319493e-02 -1.84866875e-01 -3.33012007e-02 -2.72117206e-04 -5.30542472e-08 -4.15942967e-02 -1.17959253e-01 -8.86967477e-09  1.06927678e-02 -9.66154858e-02 -6.48628529e-08
  6.51036680e-05 -2.54329791e-07  1.08606137e-01 -1.63847521e-01 -8.29797102e-08 -1.16396063e-06 -5.65981446e-03 -2.96251476e-02 -2.43514705e-06 -1.22857742e-07 -5.33531345e-02  1.58823729e-01
 -7.66852032e-03  9.31145549e-02  5.00692166e-02  2.30014436e-02 -1.67928487e-01  1.36554286e-01  2.64663901e-03  1.05302505e-01 -1.16660303e-07 -3.89780030e-02 -1.90874383e-01 -7.59777501e-02
 -8.50279108e-02  3.81317586e-02 -1.18753524e-05  5.02996519e-02  2.72656878e-04 -1.71584901e-07  7.18964729e-04  3.73208910e-01 -2.25047857e-01  7.00796023e-04 -1.27838078e-07 -3.47612076e-03
  5.95760196e-02  5.16405664e-02 -2.50225179e-02 -5.02688624e-03  4.84261196e-03 -3.27290446e-02 -6.48904443e-02  9.78458151e-02 -1.80764254e-02  1.71662927e-01 -2.40956619e-03 -4.33438828e-07
 -6.67439029e-02  6.84747696e-02  7.68657774e-02  6.12929654e-08 -5.65204676e-03 -4.94718663e-02  7.57457539e-02  1.29813194e-01 -1.98860289e-05  6.39994084e-08  5.63742556e-02 -6.09024316e-02
  3.94218830e-07  2.24472340e-02 -5.29737473e-02 -6.59791510e-08  4.81912983e-04  1.14379247e-07 -1.12287164e-01 -5.32485805e-02 -2.53522586e-07 -1.88271451e-06 -6.29344862e-03  6.45437278e-03
  8.31700788e-07 -2.52326203e-07  1.01485640e-01  6.53365850e-02  8.88604857e-03 -1.54515266e-01  1.06155582e-01  3.29999626e-01 -2.62171123e-02  4.96547595e-02 -1.08899232e-02  1.10459574e-01
  1.10457790e-07  3.36067349e-01 -5.21028712e-02  3.36076498e-01 -6.26656488e-02  1.75026935e-02 -2.23713323e-05 -1.01513835e-02  1.99932780e-04 -5.47145760e-08  5.54098107e-04 -1.14647366e-01
 -2.24462748e-01 -5.05038079e-05 -3.84401886e-07 -1.88205056e-02  3.83016057e-02 -3.60117033e-02  2.80595366e-02 -2.82665771e-02 -1.83805421e-01 -3.34535576e-02  4.88886870e-02  1.41855687e-01
 -8.49417504e-03 -9.34505537e-02  1.23622064e-02 -2.09589288e-07 -1.24338113e-01  1.15545869e-01  6.20466098e-02  1.19870421e-07  2.29702541e-03 -1.30250275e-01  5.76320961e-02  1.36878178e-01
 -6.21824656e-05 -1.06628395e-08 -2.13272497e-02 -1.03203982e-01  2.26136919e-07  2.17068270e-02 -6.35343492e-02 -1.58642422e-07 -9.84724393e-05 -1.39568627e-07 -2.71324962e-02 -1.88287437e-01
  3.58634736e-07  1.00156115e-06 -1.14652989e-02 -3.47049013e-02  1.51022925e-06 -2.70084911e-07 -2.26286124e-03  1.30184680e-01  1.27162170e-02 -1.88029185e-01 -4.66127396e-02 -2.23363087e-01
  7.52952918e-02 -2.77982298e-02 -9.41155292e-03  3.10788639e-02  9.28963999e-08 -1.02910832e-01 -9.90668461e-02 -3.11359167e-01 -2.54518222e-02  2.14728303e-02 -7.52359556e-05  3.55295204e-02
  2.13343912e-04  1.20949366e-07  3.71273083e-04 -3.01239491e-01 -1.54906482e-01 -1.27368490e-03 -6.59460909e-07 -2.08026871e-01  3.82391810e-02 -2.14707218e-02  3.59292701e-02  1.38705308e-02
  2.55741701e-02  5.16430698e-02  4.86383364e-02  1.08010620e-01 -5.90872159e-03 -4.11426947e-02  1.91409774e-02 -6.27054021e-07 -1.24565266e-01  6.60278425e-02  1.41072031e-02  1.19198475e-07
  4.97257710e-03 -1.43092766e-01  4.25794572e-02  8.14128816e-02 -2.39619447e-04 -1.12139382e-07  1.21220075e-01 -1.16428390e-01 -9.98773189e-08  1.66990384e-02  4.78608254e-03  4.84284186e-08
  9.31931354e-05  1.61220086e-07  8.41495991e-02  1.61039487e-01  3.22422466e-07  5.34108585e-06 -8.07735976e-03 -1.97424311e-02 -5.04986133e-07 -3.36370825e-08 -3.55482958e-02  1.14081874e-01
 -7.27149239e-03 -7.26109818e-02  9.41541791e-02 -2.10015643e-02 -8.97499844e-02  9.25423875e-02 -4.94635839e-04  6.31768629e-02  1.77908674e-07 -3.05798382e-01 -3.95488031e-02  3.23073745e-01
