0.3829508  0.3288818  0.32691228 0.30112562 0.38805786 0.38375407 0.37635177 0.37263775 0.34354088 0.3665577  0.41093808 0.31856453 0.35573283 0.42434245 0.3524644  0.33120203 0.32399338 0.3464004
 0.34070012 0.43674707 0.41392708 0.37487924 0.3351791  0.31233022 0.3903586  0.4351916  0.29004693 0.35491562 0.40341988 0.39097887 0.40335533 0.33690843 0.39421543 0.34423986 0.42251652 0.33465838
 0.30059168 0.31096065 0.29959244 0.28513953 0.38508952 0.26721308 0.35765076 0.36608326 0.34407157 0.3839855  0.29151598 0.3403637  0.43670452 0.37840265 0.40200782 0.30700094 0.31495267 0.32995367
 0.31131202 0.35516706 0.3763371  0.31385943 0.41400927 0.44933277 0.38995352 0.40221718 0.3900623  0.42427617 0.34045294 0.39170727 0.42655876 0.36271375 0.349007   0.38584524 0.28458863 0.4203912
 0.30076697 0.39693022 0.36657473 0.40483162 0.33533114 0.40987474 0.36857563 0.40889248 0.3723692  0.31632602 0.3768049  0.4504311  0.31365886 0.36226743 0.29506847 0.37255746 0.39801303 0.31043598
 0.36362812 0.25861278 0.41269436 0.3388833  0.44308367 0.28994894 0.3141402  0.36050004 0.3583706  0.37336093 0.39782614 0.42663234 0.39663753 0.42510578 0.37920716 0.3894367  0.45161998 0.35940686
 0.33502766 0.43672696 0.38825023 0.41192672 0.40926877 0.35669363 0.3988157  0.3070357  0.36714515 0.40190423 0.476804   0.37841445 0.37717372 0.44660226 0.34043318 0.3475135  0.3775924  0.40265775
 0.39525208 0.34692767 0.3496465  0.32579768 0.43950227 0.38946313 0.31647906 0.37244657 0.32198474 0.3498328  0.2619906  0.43974066 0.43531367 0.37989527 0.46465144 0.30319744 0.35243386 0.3746266
 0.40435517 0.31769192 0.4619635  0.41602865 0.45245576 0.39397967 0.37435207 0.30839232 0.34726787 0.37341076 0.31549755 0.35707915 0.37538654 0.38464206 0.4041745  0.44555572 0.32209215 0.37368536
 0.31071582 0.33007395 0.38085833 0.38308278 0.34045377 0.418868   0.39481837 0.3681726  0.31222287 0.32961625 0.37209278 0.362438   0.37372464 0.443546   0.292835   0.3912749  0.475403   0.48167798
 0.36228508 0.4385047  0.4223421  0.28682518 0.35987988 0.42400154 0.4527204  0.35376137 0.38947642 0.3835628  0.36416453 0.39230892 0.39922234 0.37079385 0.397612   0.38581398 0.40437388 0.32439715
 0.43124142 0.323247   0.28936687 0.3775205  0.37703797 0.3681421  0.40024766 0.33432287 0.41232252 0.34574956 0.32644588 0.36321238 0.37437826 0.30811894 0.3721231  0.29786387 0.382469   0.36873826
 0.37848586 0.41060472 0.33534983 0.36143437 0.35341227 0.41635862 0.28254312 0.2918021  0.448782   0.44698447 0.3623131  0.38642177 0.33360562 0.45797035 0.38382688 0.26053718 0.39279228 0.33784467
 0.24723972 0.24695094 0.39321882 0.5226269  0.4484142  0.41404498 0.44072318 0.29545736 0.28379598 0.3195056  0.36998034 0.3034033  0.45991972 0.37454593 0.29866302 0.37546542 0.25604048 0.3635114
 0.3112652  0.40501413 0.38670367 0.4563906  0.42151594 0.39477715 0.25484666 0.28923374 0.30429748 0.38121015 0.35839444 0.43066937 0.20443894 0.39779985 0.43447885 0.4002707  0.36420888 0.37541384
 0.46237713 0.28964198 0.49400732 0.32278195 0.3704165  0.40979645 0.3995024  0.32507953 0.4097302  0.37029317 0.42118248 0.37622637 0.3533204  0.321522   0.3653306  0.44327673 0.3190586  0.346702
 0.36096692 0.39631328 0.33499718 0.34722957 0.42508203 0.34084773 0.31353903 0.34237975 0.29796734 0.4334646  0.34262696 0.44604972 0.48519003 0.29904848 0.44434795 0.34426457 0.406627   0.3261224
 0.32770902 0.42575458 0.34196907 0.38171256 0.3492751  0.42093953 0.3931302  0.37446904 0.35328415 0.41464087 0.3152338  0.40676993 0.34910774 0.34128276 0.34215078 0.37376165 0.3148351  0.34118897
 0.40569517 0.3202646  0.37900043 0.37701246 0.35676277 0.28320193 0.32569873 0.39924926 0.39320448 0.39438307 0.38638476 0.3559159  0.37359807 0.37223932 0.35213128 0.3481663  0.32620075 0.3542285
 0.37743193 0.43515408 0.4056292  0.39649078 0.3449101  0.28084698 0.40107265 0.41521347 0.30356884 0.43395618 0.4244281  0.38146526 0.36358428 0.30661562 0.34577903 0.50779885 0.35127795 0.41820106
 0.3642724  0.31300965 0.30252048 0.42612746 0.34067795 0.33292085 0.31423602 0.40860337 0.39578116 0.28575504 0.30942678 0.38959885 0.29927886 0.45892286 0.30179217 0.30906776 0.20892164 0.38485453
 0.3833817  0.4032113  0.40908617 0.3385834  0.4659974  0.4697381  0.45685112 0.41085818 0.4923404  0.3991194  0.35107508 0.3786788  0.36952856 0.27897865 0.38173515 0.3757659  0.3857999  0.34894666
 0.36340705 0.3024802  0.41446322 0.3460412  0.4244245  0.41696283 0.43211702 0.38797352 0.47923288 0.3260819  0.38020986 0.38860235 0.35725492 0.32986552 0.3271956  0.3989169  0.37123132 0.3953925
 0.42076385 0.3231618  0.3535221  0.42358398 0.3104326  0.3912358  0.37480882 0.32331294 0.37967053 0.44682562 0.38812912 0.29361263 0.34772846 0.3423372  0.39069033 0.30066913 0.27289313 0.38036847
 0.38784647 0.33709693 0.3145418  0.33721066 0.4159905  0.35848078 0.374218   0.4415316  0.44788826 0.33491454 0.30759063 0.3856343  0.41921633 0.33110407 0.438009   0.40581927 0.33054796 0.4168845
 0.35909057 0.30261865 0.34750822 0.48624852 0.38300467 0.30767527 0.38351685 0.27158907 0.38017282 0.3984974  0.4400287  0.30967528 0.31500596 0.3302021  0.2965768  0.3998459  0.30610588 0.29259396
 0.30218425 0.33543137 0.4297539  0.4586777  0.2729407  0.36719948 0.42860156 0.25134686 0.360531   0.39801264 0.45401788 0.48029763 0.4228937  0.2574377  0.41326258 0.53235984 0.4445133  0.34279802
 0.33438894 0.5048746  0.41291192 0.43699968 0.3267415  0.30720156 0.33185893 0.3825271  0.33747584 0.3755897  0.47455356 0.33743075 0.4384509  0.2869762  0.45242745 0.33068228 0.4139071  0.37170973
 0.37151116 0.35817513 0.2574773  0.36948588 0.3639335  0.34496784 0.39234763 0.3692324 
