0.97178596 0.9388935  0.9115976  0.9509033  0.9585862  0.9527167  0.9450038  0.9023028  1.076007   1.0119796  0.94264215 0.90812945 0.95713943 0.9552424  1.053668   1.0609969  0.96081823 1.0017829
 0.9549221  1.0438569  0.97680306 1.0236143  0.8789622  1.0054163  0.9471348  1.0477453  1.0360564  1.0190591  1.120149   1.0033101  1.0797817  0.91489625 1.0429751  0.9546542  1.0481921  1.0402795
 0.9544135  0.91287154 0.9698421  0.94501096 1.0191102  0.92667043 0.9914814  0.98073477 0.9785095  0.93169516 1.0220125  0.97994405 1.1900783  1.0766106  0.93101484 0.92299813 0.9912715  0.95262754
 0.96297365 1.0311004  1.0260341  0.9311543  1.0472677  1.0383886  1.0142856  0.94259036 0.9201166  0.9678016  0.91904366 1.0560036  0.94302654 1.0267775  1.0369306  1.0973088  0.9827918  0.96419424
 0.95683944 1.103201   0.9918704  1.0602001  1.0703721  1.0924383  1.0067585  0.98775476 0.9566762  1.0660342  1.0272635  1.0181856  0.96118563 1.0645196  0.9550023  0.97994816 1.0447159  0.90786546
 0.9947896  0.9498275  1.0161076  0.95264107 0.9557702  0.95708954 0.98977566 0.9261144  1.0219868  1.0423465  1.0268335  1.02956    1.0333375  1.0726037  0.9634887  0.9908354  1.071465   1.102887
 0.95871437 1.154954   0.9280069  0.9813276  1.0519497  0.9718007  0.95315224 0.9850189  0.9526023  0.97057074 1.0491792  1.0345703  0.954987   0.99859536 0.994777   0.93447274 1.1538111  0.97448695
 0.94033843 1.0159374  1.010535   0.9521859  1.0297759  0.96258676 0.9333357  0.93136054 0.99219054 0.99587804 0.94017494 1.029536   0.98081464 1.0776078  1.0415874  1.013176   1.0139937  0.99819565
 1.063886   0.9113615  1.0177355  1.0311801  1.0301158  0.9759297  0.9610587  1.0138174  1.0114051  1.0234045  1.0108219  0.9931624  0.95736724 1.0332295  1.0101744  1.0579987  0.96969813 0.9910584
 1.1070445  0.99179184 0.92143095 1.0224597  1.02928    0.99306047 0.97183365 0.9537617  0.9709851  0.9503799  1.0134704  0.98181796 0.9369997  1.0375504  0.9886519  0.9354339  1.0926741  1.011454
 0.9631189  0.9989987  1.0144538  0.97285753 1.0245215  1.0742595  1.0375584  0.9512809  1.011656   1.0313712  0.91047025 0.914183   1.0170212  0.98922104 0.98309964 0.93137074 0.94949985 0.9988904
 0.98761064 0.91086704 0.89653057 0.96855664 1.0475528  1.0183274  1.0576226  0.9372342  1.0382948  0.97454685 1.0606794  0.9611572  0.95249015 0.9352999  1.0108021  0.98199636 1.0078403  1.0395876
 1.0071309  0.981955   0.97901297 0.97303355 0.9663724  1.0160753  1.038816   0.9543007  1.0458851  1.0442182  0.9729645  0.9759841  1.0294306  0.9468146  0.97292095 0.9565527  1.0033181  0.93681103
 1.0062262  1.0284011  1.063749   1.1139137  1.0618283  1.1608114  1.2654872  0.92034996 0.9882456  0.9739089  0.9563517  0.92416984 1.0715262  0.97201794 0.94177735 1.0314137  0.93453366 1.0357165
 1.0041226  0.9788413  0.96031755 1.011377   1.0642359  0.94961476 0.9217706  0.9813014  0.91911983 0.9952145  1.08105    0.89658904 0.928061   0.960161   1.0194592  1.0676973  1.0103841  1.0087252
 1.0401584  0.9868187  1.1154675  0.96508884 1.0047596  0.9259742  1.0683674  0.97462904 0.94189346 0.9909794  0.99422055 0.9547652  0.9501855  0.9345294  0.98681694 1.0486959  1.0647533  0.9645463
 0.95461667 1.0181408  1.0457801  1.0122802  1.0277057  0.90986234 0.97084576 0.93312466 0.91709363 1.0878595  1.0272735  1.0949715  1.0395349  0.94169116 1.0097314  0.93945587 1.0462071  0.9386576
 1.0068209  1.1399425  0.97045034 0.9954059  1.1125803  1.0459127  1.0997348  1.1050586  0.94086874 1.000548   0.96634984 1.1433206  0.92046267 0.9835338  1.0240209  0.9390324  0.946946   1.0034777
 1.0140884  1.0098934  0.99467856 0.9699543  1.0072056  0.9208632  0.96800613 1.0270851  0.94645005 0.9577638  0.9928753  1.0213826  1.0218736  1.0245762  0.9777177  1.0712847  1.0201973  0.93242234
 0.9954395  0.9500625  0.95873404 0.94945616 0.9276752  0.9567064  0.9366724  1.0746475  1.0268252  1.1001276  0.99630606 0.98183477 0.9308941  0.9347746  0.9667213  1.0013454  1.0050708  1.0343691
 1.106099   0.95122707 0.9131299  0.9669991  1.0853271  0.99248135 1.0152239  1.0264333  1.0072603  1.0003349  0.9509546  1.0089085  0.9432344  0.99811715 0.9580328  0.9269713  0.9874658  1.044209
 1.0490434  1.0085495  0.9891139  0.96915793 1.0608855  1.0844858  1.0894067  1.059095   0.9730644  1.0713477  1.012488   1.0002389  0.8997552  0.9364416  0.97461647 0.98511    1.0187836  0.9902049
 1.0699707  0.9898834  1.1095762  1.1186211  1.0278175  0.95844924 0.97478414 0.98271114 0.984644   0.890846   1.0957477  0.9907999  1.1009866  0.9746499  0.97406036 1.0999502  1.085639   0.9416338
 0.94014484 0.9785528  0.96806467 1.0557137  0.9546652  1.0039215  0.98945343 0.9624838  0.91429925 1.0406297  1.0448956  0.9917593  0.9236758  0.8957728  0.9330939  1.0226275  0.9321011  0.98342586
 1.028127   1.0625777  0.9376444  0.93385667 1.1114187  1.0741029  1.0053093  1.0509946  0.99492395 0.91347986 0.96435344 0.9710258  0.9682472  0.9898716  0.95052505 1.0695279  1.0605612  0.9655229
 0.9063252  1.0191764  1.043832   1.0595354  1.017624   1.0037738  1.0247645  0.98874915 0.9787461  0.95338637 0.9793697  0.880174   0.9481908  0.98916876 1.0054406  1.0192437  1.0155524  0.9576126
 0.9926955  1.141528   1.005267   1.0510434  0.9637194  0.9253918  1.0443169  0.9837388  0.9662146  1.089554   1.099031   1.0392203  0.952994   0.93843293 0.986231   1.1956753  0.98001564 0.985819
 0.95724183 1.0619371  1.0845785  0.97414243 0.918375   0.9724366  1.0631237  1.064405   0.9130116  0.9909364  1.0986702  0.88821113 1.0029856  0.8621096  1.0009843  0.99035734 0.99391127 1.0333332
 0.95415807 0.8915704  0.984735   1.0391929  0.92031187 1.0112075  1.0022451  0.96353084
