0.01387644 -0.12035312 -0.1055666   0.03539218 -0.10156668 -0.10365129 -0.05614525 -0.02592619 -0.04190857 -0.0549161  -0.0387046  -0.1080737  -0.03860494  0.02116484 -0.03553426 -0.075284
 -0.0890376   0.04041475  0.0228764  -0.12685336 -0.0682079   0.02896068 -0.08583993 -0.03750754 -0.1212863  -0.13876377  0.08103672 -0.07050814 -0.08641975 -0.0567226  -0.08719996 -0.08152838
 -0.03254848 -0.05394452 -0.03872522 -0.06930815 -0.01974155  0.00535374 -0.07062861 -0.06522118 -0.1023602   0.02397289 -0.15924282 -0.04192501 -0.09609107 -0.1307286   0.01220378 -0.07016683
  0.0074567  -0.09324979 -0.12693569 -0.03280223 -0.0172827  -0.06428137 -0.0979072  -0.09521317 -0.03501849 -0.10656552 -0.05738654 -0.00998074 -0.09016313 -0.07127363 -0.06443892 -0.14910232
 -0.06640334 -0.06907504  0.018615   -0.02868711 -0.01119098 -0.00402388  0.0375796  -0.06093566 -0.03451277 -0.17266403 -0.06014147  0.028533   -0.11917313 -0.01527713 -0.14546174 -0.05035858
 -0.00512756 -0.01524205 -0.05197409  0.0758533  -0.06854483  0.0344708  -0.05213284 -0.03702348 -0.03650947 -0.04757335 -0.02283982 -0.03724851 -0.11619857 -0.00992715 -0.15658379 -0.01200186
 -0.02012959 -0.05485514 -0.05299866  0.01849862 -0.08261272 -0.11796091  0.00344117 -0.00754607 -0.18353109 -0.1051103  -0.12048351 -0.07249615  0.05678688  0.01739647 -0.13100226 -0.07163137
  0.01687424 -0.03821111 -0.1058785  -0.00172163 -0.11447981 -0.09057399 -0.09273975 -0.06664426 -0.06391122 -0.1707864   0.00749676 -0.00156888  0.00149807 -0.08537302 -0.09150463 -0.05406106
 -0.05282248 -0.1144559  -0.04353991 -0.03614342 -0.0926121  -0.12885532 -0.03208383 -0.11495668 -0.09116215 -0.0629093  -0.06325427 -0.05215002  0.05251177 -0.06841286 -0.0335743  -0.10907262
  0.01873714 -0.07233582 -0.11812538 -0.11812814 -0.12204287 -0.06348818 -0.04916106 -0.00498656 -0.08104665 -0.07239376 -0.07377561 -0.05202202 -0.02735114 -0.11538905 -0.07468048 -0.08880333
 -0.13553628 -0.04357729 -0.06332083 -0.03210939 -0.05729888  0.0912458  -0.02005368 -0.07306951 -0.04009751 -0.03163206 -0.07575764 -0.10320272 -0.08035721 -0.07726455 -0.14046165 -0.0577958
 -0.0175484  -0.02983078 -0.10153314 -0.17446618 -0.05124761 -0.1464049  -0.02572815 -0.03800173 -0.11244566 -0.06087169 -0.04610365 -0.10945864  0.03429753 -0.02962763 -0.00318342 -0.06955974
 -0.04777604 -0.04199454 -0.09686478 -0.15736213 -0.02102089  0.02280977 -0.0849535  -0.01203085 -0.02445263 -0.10195217 -0.10348831 -0.00364476 -0.1200539  -0.02281846  0.00214308 -0.10253884
 -0.09738322 -0.10825831 -0.02890852  0.00801126 -0.12293049 -0.04378314 -0.12819389 -0.03091271 -0.05305086 -0.09252408 -0.12754272 -0.02484634 -0.02081694 -0.05779111  0.04194681 -0.16232808
 -0.06111864 -0.08437007  0.05178616 -0.06096973 -0.09434908 -0.10629196 -0.08150917 -0.03440729 -0.03302526 -0.08372042 -0.03032799 -0.07445376  0.00257138 -0.14605188 -0.06803128  0.08237306
  0.01641835 -0.0607816  -0.04930481  0.02548331 -0.11610349 -0.08757132 -0.10431939 -0.04368759 -0.10558701  0.05069039 -0.0902807  -0.12946868 -0.1414749  -0.07021468 -0.03815441 -0.11889575
 -0.08947912 -0.11856098 -0.08117602 -0.03837874 -0.06439738 -0.13439113  0.00359414 -0.14038092 -0.05577035 -0.01405033  0.01141518 -0.05814482 -0.03987095 -0.09750445 -0.02957917 -0.00728451
 -0.06354977 -0.01996613 -0.00324184 -0.02666732 -0.03199812  0.02994074 -0.13987654 -0.07963955 -0.10835035  0.0631614  -0.1235681  -0.03585638 -0.03270391 -0.05862412 -0.01063324 -0.10238414
 -0.0485766  -0.16279471 -0.04606405 -0.05416639 -0.04644068  0.00428456 -0.0651821  -0.05902991 -0.06250186 -0.05115959 -0.03144654  0.02176254 -0.0736744  -0.063828   -0.11787291 -0.05786465
 -0.06066618 -0.04023447 -0.07197537  0.01068294 -0.04917476 -0.15810534  0.06447013 -0.12139603 -0.04207219 -0.06031957 -0.0263736  -0.06644733 -0.037055   -0.09457304 -0.12279714 -0.00396257
  0.01541921 -0.10393832 -0.11047497  0.0067668  -0.07273804 -0.0183563  -0.00054371 -0.05873813 -0.10568924 -0.07893815 -0.01850346 -0.07088622 -0.01537747 -0.08772392 -0.0660858   0.01501648
 -0.03649457 -0.1032472  -0.06422952 -0.01190254 -0.07661755 -0.08747426 -0.04951698 -0.0962332  -0.05739112 -0.11644146 -0.13705017 -0.01632066 -0.10687165 -0.03446365  0.012564   -0.04431307
 -0.05132249 -0.17169712  0.02162562 -0.11459902 -0.07240757 -0.15294899 -0.12163658 -0.02509829 -0.13910976 -0.0927997  -0.02160778 -0.07317957 -0.01675376 -0.00377435 -0.01721139 -0.0578162
 -0.02289165 -0.07166149 -0.0173966  -0.13583165 -0.05037716 -0.09360852 -0.00224856 -0.10087019  0.01668724  0.01942048 -0.06039502 -0.09227103 -0.05471051 -0.02893304 -0.15801932 -0.04413123
 -0.00337158 -0.15523209 -0.05658258 -0.09272233 -0.04108306  0.00085835 -0.10022142 -0.04501371 -0.03510428 -0.05987205 -0.01034828 -0.12202118 -0.00442601 -0.02835035  0.08717787 -0.00668358
 -0.07899442 -0.05858111 -0.12049139 -0.14252387 -0.17578042 -0.15286806 -0.11094516 -0.09939627 -0.06077491 -0.08446117 -0.11098897 -0.02831566 -0.0490977  -0.09970114 -0.10569155 -0.08002771
 -0.06087856 -0.04053768  0.06423192 -0.08677199 -0.04228084 -0.05892553 -0.05164744 -0.02664341 -0.02694428 -0.10036143 -0.03215865  0.01118593 -0.12925798  0.05579674 -0.05974108 -0.09503861
 -0.07593851 -0.11808635 -0.02783136 -0.01202552  0.00129216 -0.10453284 -0.14040296 -0.11752365 -0.11637098 -0.07321852 -0.09735247 -0.00796225 -0.11063484 -0.05610362 -0.09942095 -0.11591141
 -0.04209097 -0.07596147  0.01527471 -0.06579605 -0.03334361 -0.03567009  0.04388341 -0.03621659 -0.08714228  0.00359074  0.00786717 -0.05411555 -0.0778029  -0.12259419 -0.05866323 -0.11372022
 -0.03965817 -0.02410305 -0.12142754 -0.03145231 -0.00908291 -0.05147417 -0.06739719 -0.06893625 -0.07998548 -0.08626916 -0.07826766 -0.00652801 -0.04876265  0.03975016 -0.07033011 -0.09229653
 -0.08653535 -0.00709006 -0.17257954  0.00141849 -0.09152215 -0.09496506 -0.01371202 -0.00359585 -0.04227725 -0.02826864 -0.12589645  0.00257755 -0.03610757 -0.12275672 -0.08785874 -0.12133109
 -0.0169511  -0.00101731 -0.17569444 -0.00320209 -0.10688063 -0.08496083 -0.04260366 -0.07128976 -0.10841152 -0.06938834 -0.08712318 -0.04158319 -0.05331309 -0.00775382 -0.05778529 -0.09132832
