0.2865579  0.23365466 0.27665678 0.20722072 0.2857324  0.22487114 0.27937275 0.28131217 0.3148418  0.22570032 0.25291434 0.1922056  0.28040186 0.28468898 0.32896188 0.26765916 0.23816286 0.2953447
 0.28551894 0.3153514  0.25996184 0.27858207 0.20712349 0.18455541 0.26318574 0.31234348 0.27253607 0.2707609  0.3193184  0.2763442  0.35903558 0.25430897 0.2995653  0.25588077 0.35167462 0.23500176
 0.2511711  0.24159893 0.19362986 0.22410817 0.29374123 0.17825378 0.25386658 0.24918136 0.25131956 0.30737567 0.2599131  0.2577143  0.39001888 0.28007057 0.29104018 0.18243222 0.22602737 0.23809052
 0.22878642 0.3087882  0.24876523 0.2505148  0.32601523 0.28922054 0.26313275 0.21132886 0.2794397  0.2850783  0.21031643 0.30183953 0.3228796  0.2886987  0.24342975 0.24205281 0.17055823 0.34998733
 0.24299166 0.35043114 0.27560288 0.34153393 0.23220505 0.38911667 0.23096654 0.27004778 0.23920308 0.22202358 0.26470312 0.3365918  0.20609455 0.29174298 0.2512209  0.25460824 0.32988635 0.26160032
 0.2414685  0.1533271  0.314828   0.2186831  0.27220947 0.30616158 0.27816525 0.23060079 0.25227615 0.32780457 0.272599   0.26929316 0.26364017 0.4211842  0.22586659 0.22582032 0.34017664 0.3081412
 0.25108227 0.41468748 0.25525883 0.30874136 0.33995637 0.21665363 0.34574002 0.21495597 0.2971736  0.22985925 0.32850966 0.26876137 0.25096965 0.30481762 0.27097428 0.23041283 0.30188185 0.20316842
 0.27470526 0.30657908 0.2754466  0.20811436 0.28456604 0.28064603 0.21843173 0.24109136 0.24294773 0.20505938 0.20510334 0.29725736 0.24853535 0.3767586  0.35826603 0.26791048 0.26967028 0.28105062
 0.36350107 0.19239119 0.3153109  0.31821385 0.32250565 0.31583232 0.29799724 0.2547453  0.27483898 0.32667226 0.23513788 0.2514274  0.3306818  0.25128132 0.4217536  0.31236804 0.22773169 0.24777524
 0.23494667 0.2605058  0.23407036 0.26126733 0.35103923 0.26471335 0.3446419  0.2912062  0.19871864 0.2909551  0.25943553 0.2676798  0.21448545 0.29900184 0.24915552 0.22462423 0.31881434 0.3171158
 0.2685759  0.3138939  0.2859728  0.22764459 0.26826862 0.36024943 0.38838753 0.29538798 0.287517   0.361326   0.27776253 0.2702163  0.33472145 0.30198345 0.25517318 0.2615054  0.22072023 0.28197557
 0.23768231 0.1867162  0.21457537 0.28848857 0.25357184 0.32911792 0.25876403 0.26985785 0.34181684 0.23899172 0.32135385 0.25272322 0.2562768  0.22489545 0.2549349  0.24468575 0.24369541 0.28580087
 0.29321766 0.26606113 0.20151441 0.287983   0.28732008 0.28654873 0.20849238 0.27581748 0.36088002 0.3326489  0.27429965 0.23968713 0.2852716  0.3290402  0.33011994 0.20439878 0.25126362 0.24589022
 0.192116   0.24199037 0.35922605 0.47299102 0.31571877 0.38976654 0.359133   0.25798568 0.26685816 0.23366961 0.2242233  0.23249888 0.29627466 0.25424033 0.18170986 0.30162254 0.21586025 0.23245807
 0.26353028 0.27260405 0.32556018 0.32291716 0.34265    0.29839164 0.17254186 0.23029794 0.18627661 0.32680732 0.3481751  0.2595911  0.13485523 0.23716995 0.37578368 0.27775764 0.302794   0.26580283
 0.32730663 0.25933126 0.33026677 0.26348883 0.27381366 0.25049642 0.37344906 0.24923418 0.2601145  0.24609342 0.2627775  0.27386978 0.21577516 0.20756473 0.22670984 0.35362265 0.24858108 0.25186992
 0.2415699  0.3053029  0.28258118 0.21066938 0.3452299  0.23846401 0.23086356 0.19912784 0.18558449 0.3462568  0.24520507 0.31005445 0.3155934  0.1930327  0.27467147 0.28481358 0.30142978 0.1953679
 0.26035282 0.35986465 0.26341873 0.22692868 0.30017045 0.30108494 0.33134502 0.3408246  0.26062432 0.33174193 0.24392246 0.29513508 0.2284775  0.22958091 0.25884914 0.25754094 0.2157069  0.28277388
 0.2994798  0.24227545 0.24706446 0.31889597 0.31565854 0.21272717 0.32725173 0.25059554 0.26987183 0.26997346 0.26672748 0.24005254 0.30505088 0.33782688 0.2510327  0.24337508 0.28891197 0.26150057
 0.2767257  0.35092196 0.23526523 0.2707006  0.23699318 0.20708048 0.25739223 0.29806235 0.22835805 0.32879472 0.30854678 0.23547623 0.2502109  0.18053815 0.26520735 0.33394146 0.28892463 0.29631087
 0.2754065  0.24853685 0.22242557 0.2692753  0.2407337  0.19742025 0.27732208 0.31035703 0.31208783 0.21128723 0.16143759 0.2865852  0.22058119 0.30021995 0.29156113 0.22982213 0.16986202 0.36878067
 0.27684972 0.33154762 0.32399726 0.27148318 0.26415983 0.28668994 0.3106905  0.26936305 0.27469736 0.32536727 0.28205428 0.27636555 0.2168576  0.14782898 0.2031162  0.1929006  0.24929114 0.25806594
 0.31735438 0.2751082  0.2514656  0.25674552 0.3383998  0.2562     0.26155016 0.2599926  0.3535782  0.22117688 0.27460328 0.20540445 0.336129   0.28995815 0.25049505 0.32669854 0.30142587 0.28356782
 0.29883507 0.2679533  0.26387146 0.31943375 0.2252195  0.269477   0.2984464  0.17372796 0.19685511 0.2913114  0.28201377 0.22048594 0.21129322 0.19910637 0.28852856 0.27880794 0.21748976 0.2881867
 0.27166498 0.28347737 0.26277918 0.2961114  0.35938472 0.2781569  0.2710437  0.2793033  0.31641376 0.19006972 0.22809674 0.27768287 0.28967142 0.19676208 0.29440075 0.32791296 0.26146555 0.27848646
 0.1841018  0.24832642 0.25593713 0.40603662 0.2472686  0.21695024 0.28920552 0.23820792 0.31812534 0.27259818 0.2815218  0.21937366 0.24955821 0.24049285 0.23723955 0.31636152 0.278632   0.21137205
 0.25328404 0.31699702 0.34173134 0.28415188 0.1898663  0.23241393 0.35210952 0.1642444  0.26693365 0.2888077  0.40258348 0.31177032 0.21509728 0.19429454 0.30324912 0.465679   0.2801387  0.285663
 0.22691393 0.35911104 0.31743452 0.32675478 0.2308627  0.215235   0.3141093  0.2800182  0.22885251 0.24603283 0.35454705 0.19680439 0.27795553 0.17758358 0.295294   0.25843886 0.23924059 0.31301394
 0.2562703  0.22205918 0.19957536 0.32108918 0.28351194 0.26091093 0.26010466 0.26208624
