1.26021877e-01 2.51323164e-01 1.28358811e-01 6.13169856e-02 1.40763387e-01 2.05940679e-01 8.01729858e-02 1.53013185e-01 2.60092188e-02 7.92436302e-02 1.50267020e-01 8.72090533e-02 1.77811965e-01
 1.14114061e-01 1.20803066e-01 7.00649232e-44 2.34740246e-02 4.95168865e-02 2.14841831e-02 4.35882472e-02 1.24244519e-01 7.67895505e-02 2.46491835e-01 7.70018995e-02 1.72001436e-01 1.06528580e-01
 2.15076715e-01 7.82204345e-02 1.11225851e-01 1.97797000e-01 1.34972200e-01 1.66388720e-01 3.63100097e-02 9.24913958e-02 1.10820383e-01 7.08146095e-02 1.96189433e-01 3.12584013e-01 7.22976774e-02
 7.21272081e-02 4.10462245e-02 1.39910311e-01 7.45963529e-02 1.54009059e-01 1.85471088e-01 1.37986436e-01 1.19803973e-01 9.18129086e-02 1.39665425e-01 9.94493142e-02 5.25830947e-02 8.43296722e-02
 2.96869218e-01 1.15748286e-01 7.26609454e-02 6.15774952e-02 8.38485956e-02 2.03926608e-01 7.63459653e-02 2.09748596e-01 4.26101796e-02 3.73225451e-01 8.93186703e-02 2.86243055e-02 3.49450707e-02
 5.54008484e-01 9.68242139e-02 2.01652110e-01 1.09276779e-01 2.29943786e-02 1.02917477e-01 1.75243288e-01 1.88403666e-01 4.68695521e-01 2.91848809e-01 5.77144176e-02 1.16259880e-01 2.73871999e-02
 1.20789424e-01 2.80168969e-02 3.20626438e-01 4.30609845e-02 1.80275708e-01 2.92135507e-01 7.00649232e-44 1.63056210e-01 7.42478073e-02 1.41433463e-01 1.45352572e-01 7.10752904e-02 1.13907933e-01
 1.75916418e-01 1.52342588e-01 5.17950244e-02 1.32186875e-01 2.91956335e-01 5.12011647e-01 1.04380913e-01 2.68972129e-01 6.12468459e-02 6.98878318e-02 2.28006437e-01 1.43445224e-01 4.29982357e-02
 4.01559353e-01 7.00649232e-44 3.52709919e-01 3.65216911e-01 9.85468850e-02 6.30444437e-02 2.67150760e-01 3.31730336e-01 2.20393464e-01 1.69770852e-01 1.61708012e-01 1.70528889e-01 1.15649790e-01
 1.73020065e-02 9.23243612e-02 3.41077298e-01 9.86233205e-02 2.56609619e-01 8.64882320e-02 1.98415920e-01 9.01095048e-02 1.13598846e-01 1.00428425e-01 1.11577123e-01 9.53012183e-02 2.14519233e-01
 2.67071187e-01 7.08357766e-02 7.00649232e-44 7.97042251e-02 7.70185515e-02 2.13660505e-02 2.50478834e-01 1.57419175e-01 7.52475709e-02 1.45213798e-01 1.20034650e-01 2.57246912e-01 1.93315476e-01
 6.33169934e-02 9.87432972e-02 2.06326693e-01 5.62467575e-02 7.00649232e-44 8.58799145e-02 4.86249998e-02 5.34626618e-02 1.19170375e-01 1.20467670e-01 1.18653864e-01 1.61674067e-01 1.38330802e-01
 9.61444229e-02 2.59114534e-01 1.37343705e-01 1.91907004e-01 1.19528621e-01 3.14028054e-01 8.87670070e-02 2.08860710e-01 1.26616254e-01 8.55056271e-02 1.30022496e-01 1.78329051e-01 2.65819043e-01
 5.40399887e-02 8.12552869e-02 3.12411398e-01 9.67146307e-02 1.29212528e-01 1.85322344e-01 1.56250194e-01 1.88648850e-01 9.69711691e-02 1.43764004e-01 2.84654722e-02 3.41421455e-01 2.21312732e-01
 2.14867473e-01 1.55451253e-01 3.02401148e-02 3.76105160e-01 1.80138126e-01 2.68314123e-01 1.48099840e-01 1.09011129e-01 1.89357609e-01 1.22455023e-01 6.04447834e-02 1.29638061e-01 1.71117231e-01
 4.81208488e-02 2.12766733e-02 1.19185515e-01 5.54984286e-02 1.30970120e-01 2.69376993e-01 1.30876198e-01 4.92485985e-02 1.04359999e-01 1.29333258e-01 6.54915050e-02 2.06021845e-01 5.47711886e-02
 8.35897774e-02 1.44207925e-01 2.04567358e-01 1.16131090e-01 6.66497946e-01 6.70205876e-02 2.19568744e-01 1.26403362e-01 1.00853719e-01 1.28749803e-01 7.17486888e-02 5.48764467e-02 1.95336193e-01
 2.86711514e-01 9.45166051e-02 8.31629112e-02 6.30837530e-02 7.88386241e-02 1.77059114e-01 8.66106600e-02 4.57365662e-02 5.76475784e-02 5.20154610e-02 3.30102086e-01 1.52161464e-01 2.78193861e-01
 3.31976973e-02 1.32748738e-01 1.06369652e-01 1.45117685e-01 4.68018241e-02 9.26397964e-02 1.22216359e-01 2.70294845e-01 1.27034813e-01 2.12372690e-01 8.60541314e-02 1.16867118e-01 5.91209680e-02
 2.17452109e-01 5.71591742e-02 3.68328393e-01 9.25068706e-02 9.48157609e-02 1.78931311e-01 6.44312799e-02 7.61486515e-02 1.19483680e-01 1.32338256e-01 1.81875125e-01 2.06936628e-01 7.26731271e-02
 1.73995465e-01 2.18539178e-01 9.13614556e-02 2.67353058e-01 5.98335750e-02 9.83698964e-02 1.50261194e-01 1.35578096e-01 7.47755095e-02 4.64121521e-01 6.98352605e-02 1.20756850e-01 4.29476574e-02
 1.51614815e-01 1.33273065e-01 2.20334128e-01 1.76982790e-01 1.22323364e-01 1.58612147e-01 9.92185175e-02 9.21936557e-02 1.44212231e-01 4.22450095e-01 1.19188882e-01 2.09248289e-01 3.81482095e-02
 3.36802363e-01 8.85444134e-02 4.20600809e-02 1.52377039e-01 5.26188970e-01 1.48832902e-01 4.01429266e-01 7.04053938e-02 8.54239687e-02 9.31552052e-02 7.45225847e-02 1.16537519e-01 2.92112418e-02
 8.91141668e-02 1.61263719e-01 1.94415182e-01 1.45833790e-01 1.29078761e-01 1.01500995e-01 3.18997800e-01 7.17078924e-01 5.21999300e-01 4.37381446e-01 7.90986195e-02 7.62232095e-02 8.47848356e-02
 1.25159815e-01 3.26337636e-01 4.99001890e-02 9.19708461e-02 2.24040627e-01 8.44979957e-02 5.59198558e-02 1.35343373e-01 1.18698195e-01 6.67124689e-02 8.05487335e-02 1.12109706e-01 6.57418445e-02
 1.04641989e-01 2.46258110e-01 4.46050018e-01 8.08562487e-02 3.69855851e-01 1.01105385e-01 1.11126028e-01 8.54117647e-02 8.98300484e-02 1.25218123e-01 5.22178859e-02 3.42643112e-01 1.71898678e-01
 1.44678459e-01 1.58077598e-01 1.86692342e-01 2.29598135e-01 1.16460964e-01 9.67961103e-02 3.45832467e-01 7.00649232e-44 6.54776692e-02 6.66833594e-02 2.16864258e-01 9.65980664e-02 4.60796244e-02
 2.29750246e-01 2.34399840e-01 1.89957052e-01 6.02264181e-02 1.74221814e-01 1.59940019e-01 5.49586415e-01 1.87638626e-01 2.19123978e-02 8.97776112e-02 2.48792581e-02 7.00649232e-44 1.05549969e-01
 2.82940775e-01 2.77792841e-01 5.10492250e-02 2.22167075e-01 8.58559906e-02 1.12983540e-01 3.73854674e-02 1.11736767e-01 3.03418368e-01 2.56944269e-01 1.23044237e-01 1.81740582e-01 2.01419592e-01
 2.06477284e-01 9.37594771e-02 1.20321803e-01 2.88056254e-01 2.11151987e-01 2.55222917e-01 3.15087706e-01 5.75545654e-02 1.09662808e-01 1.14377506e-01 6.80816025e-02 1.48167804e-01 2.14492798e-01
 1.47270545e-01 3.86219561e-01 3.63196582e-02 4.35186364e-02 2.86242843e-01 1.15157746e-01 3.47001813e-02 4.01125364e-02 3.14685732e-01 2.99902380e-01 1.07052311e-01 6.37697801e-02 1.51559383e-01
 1.64894849e-01 2.81789780e-01 1.45772576e-01 1.03601478e-01 2.50451386e-01 1.84613958e-01 7.82477707e-02 1.34621397e-01 1.04912065e-01 2.49136657e-01 1.48846626e-01 1.53777197e-01 9.90213528e-02
 1.05706558e-01 6.27664402e-02 9.45334509e-02 7.00649232e-44 7.58663341e-02 2.57541835e-01 1.13185160e-01 2.70801425e-01 3.32427174e-01 1.16705388e-01 1.41790837e-01 7.18647093e-02 1.02397077e-01
 1.53589368e-01 1.38169125e-01 1.67676866e-01 2.08968118e-01 1.21707961e-01 1.08546443e-01 1.92799360e-01 3.94025072e-02 2.68567741e-01 4.62155491e-02 2.04141766e-01 6.49570674e-02 1.52130798e-01
 1.40708879e-01 1.30597219e-01 5.92938304e-01 5.12228906e-01 1.69242218e-01 1.18666902e-01 1.22241601e-01 8.17508772e-02 5.61013184e-02 6.41635731e-02 1.95585907e-01 3.11077572e-02 2.47972742e-01
 9.85020176e-02 2.12275296e-01 1.69964150e-01 2.81436771e-01 9.77362543e-02 2.06962034e-01 1.06350660e-01 1.27568215e-01 2.17813432e-01 1.05060585e-01 9.00620222e-02 7.43223503e-02 8.17539245e-02
 1.26289442e-01 1.42930403e-01 1.67466238e-01 4.78452332e-02 1.39323637e-01 1.19995043e-01 2.21270189e-01 1.27042055e-01 1.51968613e-01 2.78003842e-01 9.12328213e-02 4.50120755e-02 6.23494029e-01
 1.06367536e-01 6.01657815e-02 1.11902788e-01 2.12455317e-01 1.18186451e-01 4.64159459e-01 6.06003292e-02 1.57356754e-01 1.68718204e-01 1.08812578e-01 1.77462980e-01 1.71098366e-01 1.32533923e-01
 1.02163285e-01 2.32685417e-01 2.73455717e-02 1.88625082e-01 1.07912272e-01 4.80247915e-01 1.17934801e-01 8.23491216e-02 5.19709706e-01 1.30843416e-01 8.15821812e-02 5.17310649e-02 2.20218182e-01
 6.89897612e-02 3.01329754e-02 4.26353216e-02 3.52067769e-01 2.37933785e-01
