0.95832056 1.0734558  1.0847096  0.99186206 0.9472912  0.97857034 0.93390614 0.94830966 1.1120175  1.0929848  0.98935634 0.9989932  1.0643034  0.9718697  1.0207341  1.0076553  0.91064703 1.0254519
 1.0882559  0.8988728  1.0285407  1.0726649  0.8407247  0.85925287 1.0298398  0.9909616  0.9530478  0.9969244  0.9967563  0.89912695 0.90524024 0.7555596  1.0930586  1.240136   0.99169356 1.0238829
 0.94636786 0.8954184  0.8361497  0.96198845 0.91599816 0.98263514 0.8916419  0.9495802  1.0646175  1.1176322  1.1053975  1.0251291  1.1122483  0.9531861  1.167949   0.96855754 0.9353762  1.0859641
 1.0596315  0.99836427 1.0597295  1.0539796  1.1574217  0.98018485 0.9684025  0.7438483  1.0571817  1.1053033  1.1342613  0.80131376 1.0042903  1.0107751  1.1776519  1.0458862  1.1403365  0.96525466
 1.0869372  0.93543327 0.9835234  0.9946297  1.0899183  0.9600403  0.9912128  0.9780945  0.8644244  1.0942919  0.9890033  1.0010619  0.92730445 0.94948643 0.939749   1.0800545  1.061178   1.1310533
 0.87694925 0.83427644 1.0720047  0.9691988  0.9985967  1.0183856  1.041538   0.97035015 1.0341413  1.1228874  0.994685   0.91036457 0.9662428  0.9897621  1.0100366  0.9822177  1.0194519  0.8393225
 1.0195407  0.905997   0.99900866 0.8992141  1.0741336  0.9539244  0.9580114  1.040515   0.9564661  1.1379231  1.0860413  0.90076506 1.0153146  0.9291677  0.9986645  0.9542584  1.1314781  1.0139061
 0.9894153  1.0859808  0.9700153  0.918948   1.0860351  0.9818568  0.9926568  1.0223101  0.9662557  1.0590822  0.9225063  1.0500417  1.0310446  0.8258817  0.9914796  0.9839644  0.9248956  1.0671914
 1.0104517  0.9654649  0.8936791  1.0090734  1.1003503  0.98874694 1.0407069  1.0736746  1.0894108  1.043817   1.0261209  0.987772   1.1265258  0.9354792  1.0508173  0.999963   0.9172778  1.0408864
 1.0642877  1.1228111  1.0055584  1.0842146  1.0076008  0.8450918  0.86823744 1.014654   0.9585825  1.0478568  0.9298071  1.1773924  0.99413824 1.0232133  0.9250276  0.9580814  1.0427903  1.0198873
 0.8787487  1.1004163  1.1202956  0.8777468  0.85458654 0.8990759  1.0419672  0.9500221  1.0543213  1.0478332  1.019546   0.99825394 1.0449126  0.9145338  0.9419943  1.0810664  1.1475078  0.88120776
 1.0660677  0.93853796 0.9840891  1.0024356  1.0029936  1.046731   1.1128443  1.1213858  1.0301689  0.9583495  1.1047472  0.98683786 0.9388249  0.8467148  0.6992384  1.1178439  0.98079324 1.1264259
 1.054531   0.9279044  0.9023313  0.94958866 1.0208309  0.94354284 1.0433948  1.0109477  0.9535781  1.0499303  1.0487102  1.1333119  0.9833023  1.0294333  1.0925446  0.9960751  0.9337797  0.9542065
 0.97584033 0.9467109  0.94156635 0.80360574 1.0002866  1.0098222  0.912045   0.874886   0.9725057  1.030393   1.0879096  1.0548073  1.1352909  1.0544469  1.0114204  0.9595158  1.0602363  1.0131042
 1.0109608  1.168282   1.0430044  0.93045574 0.92949224 0.941743   1.0728811  1.0195628  1.1030705  0.92838264 1.0374578  0.81392473 1.0245104  0.9650401  0.99411124 1.0127983  1.0095644  1.0095325
 1.0387884  0.91544086 0.92985153 0.8646188  1.0309378  0.95434624 1.0695673  1.0130831  0.9974724  1.0669243  0.8751143  0.9933441  0.9447536  1.0408142  1.0060847  1.0278292  0.9386357  1.126561
 1.0990276  0.99399316 0.94229805 0.9937722  1.0439075  1.0042204  0.8824303  0.9763428  1.077561   0.9666205  1.0126302  0.9727116  1.1131347  1.0846984  1.1422222  0.9418445  0.92193997 0.94721705
 0.81501657 0.765025   0.9319963  1.1342895  1.0190231  1.064751   0.87967825 0.89541024 0.929103   1.0501698  0.75482076 0.94544154 0.96649075 0.9346655  0.9668554  1.0792391  0.9622957  1.0270967
 0.96408665 1.0833133  0.95294815 0.9343972  0.9795221  0.97060096 0.9196194  0.9542102  0.9915392  1.0154096  0.9651196  0.99600166 1.0327028  0.90870434 1.0565472  1.1599153  1.0968124  1.1232755
 1.0907638  1.051535   0.9486137  0.96631646 1.0165623  1.0516412  1.0300831  1.0212464  1.0895364  1.0876315  0.9925325  1.0505552  1.0459096  1.0531907  1.0011927  0.8602867  0.97252446 0.9558932
 1.0445122  1.0600406  0.95034826 1.0557426  1.013087   1.0595199  1.079503   1.0385616  1.0138     1.0082732  1.0411544  1.0431757  1.0145376  1.0044503  1.0234408  1.0293158  0.8770592  0.9456862
 1.0915078  0.96607804 0.950566   1.0054222  1.0497587  0.9445213  0.9970155  1.0322949  1.0139245  0.94936776 0.9802796  1.0699928  0.95903057 1.06354    0.9829814  1.0357829  0.94400275 0.9273057
 0.99235183 1.1008085  0.99076396 0.8803497  0.9808625  1.1074681  1.0981673  0.9685154  0.9198618  1.0368063  0.90105927 1.0097795  1.0842807  1.0305325  0.98975646 0.89291847 0.9556691  1.0213878
 1.0872889  0.9924115  1.0509666  0.99533945 0.9927982  0.96042913 0.9352653  0.9547837  1.0588087  1.025952   0.95469487 1.0568693  1.1380132  1.1146194  0.915285   0.98614025 1.1067228  1.1311395
 0.93184453 1.0078524  1.0093497  0.89278734 1.0224838  1.1697139  0.9741126  0.9884152  1.0271965  0.94710743 1.013819   1.0804768  0.8311042  0.88110036 1.0260868  1.0146623  0.99912673 1.0582297
 0.91813606 1.0464761  1.2186369  0.921826   1.0676427  1.0762053  1.0890964  1.0722543  0.98375887 0.9688347  1.0409192  0.975129   1.0370512  0.997537   1.020451   0.94871914 1.0397352  1.0320826
 1.0173191  1.004581   1.0642046  1.0686728  1.0417464  0.8999781  0.9828592  0.9094762  1.0162803  0.8864514  1.0721498  1.0618393  0.97567487 0.93566096 0.90987754 1.0233227  0.87934625 0.85600895
 0.8975866  1.0211263  0.99376476 1.118574   1.0946083  1.0459548  1.0053443  0.97513384 1.1256274  0.9476342  0.93492085 0.9756499  0.90614957 0.8134159  1.04638    0.9642563  0.97708875 1.0296022
 0.9887251  0.88592595 1.0166988  0.9472002  0.91257435 0.93826675 0.9043954  0.9769493
