-7.70327672e-02 -2.97879577e-02  3.27692144e-02 -5.13029285e-02 -1.49748012e-01 -8.21089819e-02  4.92739119e-03 -6.68663755e-02 -4.99640591e-02 -4.83011343e-02 -1.46991098e-02 -1.29964100e-02
 -8.35749209e-02 -5.22230715e-02 -3.42234075e-02 -8.65425169e-03 -8.34529474e-02 -7.99629167e-02 -6.97106272e-02 -1.04585104e-01 -6.09243885e-02 -2.87429541e-02 -1.59404144e-01 -3.76082733e-02
  2.26127151e-02 -5.95509261e-02 -4.97714132e-02 -1.16779052e-01 -6.55078590e-02 -2.10793838e-02  1.01140458e-02  2.19047181e-02 -9.90001336e-02  9.81055479e-03 -3.05565284e-03 -2.73506269e-02
 -6.91109803e-03 -2.89597157e-02 -5.83926141e-02  2.78198030e-02  6.08925382e-03 -1.07149549e-01  2.25220192e-02 -9.61601809e-02 -2.47751884e-02 -6.46927655e-02 -3.83381695e-02  1.10805370e-02
 -1.19631000e-01  3.96165550e-02 -1.08327150e-01 -2.62616388e-02 -7.53709823e-02 -4.12631035e-02 -4.25435640e-02 -1.30028710e-01  5.21930866e-02  7.15710893e-02 -4.32241745e-02 -4.81500700e-02
 -1.29690170e-01 -8.20375383e-02 -5.10463156e-02 -6.75140917e-02 -1.22889377e-01 -1.08406886e-01 -4.32782955e-02 -1.21786334e-02 -9.47524235e-02 -8.90485346e-02 -1.23157330e-01  7.42432615e-03
 -1.35039374e-01 -1.54123446e-02 -4.66820635e-02 -6.03327863e-02  1.81885287e-02  2.53703743e-02 -1.20892219e-01 -1.75464172e-02 -1.90616436e-02 -1.25066880e-02 -1.47457514e-02 -5.40973805e-02
 -2.77279951e-02 -1.51910320e-01  4.61017936e-02  2.32933648e-02 -1.53819444e-02  1.00239748e-02 -1.78139862e-02 -1.31493211e-01 -7.85056055e-02 -1.16665579e-01 -3.31257954e-02 -1.24026239e-01
  3.27278972e-02 -1.28039867e-01 -1.30903840e-01  1.69319063e-02 -8.06941539e-02 -1.64687291e-01 -2.92172376e-02 -9.43311453e-02 -9.55153331e-02 -5.04699983e-02 -8.63219425e-02  1.11078368e-02
 -8.69026929e-02 -1.08701803e-01  5.85182477e-03 -9.53262225e-02  4.66930494e-02 -1.51803643e-01 -1.36259779e-01 -2.47168690e-02 -3.10679227e-02  3.95699330e-02  1.73383951e-02 -2.25635096e-02
  1.01916706e-02 -3.13138068e-02  9.17725902e-06  3.06974519e-02 -7.02954605e-02 -8.60080048e-02 -8.67158994e-02  5.15704900e-02 -8.18188712e-02 -9.50486287e-02 -6.81370646e-02  2.48256559e-03
  1.35737788e-02 -1.01998888e-01  1.30735626e-02 -9.33694541e-02 -7.50211924e-02 -5.54500259e-02 -6.76138774e-02 -3.80717847e-03 -9.41381790e-03 -6.83766305e-02 -1.65400058e-02 -6.16660947e-03
 -8.92052576e-02 -5.45983203e-02 -3.33252363e-02 -6.80686310e-02 -2.14441679e-02  9.12272930e-03  9.07281297e-04  3.21101770e-02  1.37158995e-02  3.98384817e-02 -1.33241042e-01 -7.97485933e-02
 -1.48681805e-01 -2.31361911e-01  5.53156342e-03 -1.18455701e-01  1.98578015e-02 -3.67923453e-02 -1.77282784e-02 -7.11273775e-02  1.46499751e-02 -4.99975011e-02 -1.28262281e-01 -2.01929808e-01
 -5.75632341e-02  2.83094868e-02  5.10556549e-02 -5.65600321e-02 -1.35293975e-01 -4.01999429e-02  3.56430896e-02 -1.66752249e-01 -9.33130234e-02 -2.40342114e-02 -6.02606162e-02  5.99445552e-02
 -1.14864372e-01 -7.00589344e-02 -1.02960225e-03 -7.49168545e-02 -9.51532051e-02 -6.19722344e-02 -6.67270347e-02 -9.11436155e-02  3.84059511e-02 -4.07532081e-02 -7.35418359e-03 -2.42140722e-02
  3.29458676e-02 -8.09422135e-02 -5.79568930e-02  3.59774455e-02 -9.19187590e-02 -4.96489592e-02 -1.46874469e-02 -9.40545499e-02 -5.18265478e-02 -5.37077822e-02 -5.04919551e-02 -8.36445019e-02
 -1.16472192e-01 -5.43774897e-03 -6.19004853e-02 -7.17472509e-02  3.41579020e-02 -7.92104378e-02 -6.37894496e-02 -9.10251960e-02 -7.29417354e-02  1.90857798e-02 -7.91141391e-02 -5.51239997e-02
 -1.22326240e-01 -1.03966475e-01 -6.69449195e-02 -6.84126187e-03 -7.94658717e-03 -2.83534117e-02  1.58262029e-02 -5.72517067e-02 -1.37911336e-02 -3.30518596e-02  3.44925262e-02  3.18567909e-05
 -2.36316938e-02 -7.70961121e-02  1.15695857e-02 -7.56625682e-02 -2.08990704e-02 -7.81047298e-03  7.11007835e-03 -3.22389454e-02 -5.50150014e-02 -1.78587511e-01 -6.88783824e-02  4.07084562e-02
 -1.07812129e-01 -1.63624346e-01 -7.82354921e-02  2.57355515e-02 -5.90229593e-02  4.85979859e-03 -9.25660133e-02 -5.09626679e-02 -5.76512329e-02 -4.39872667e-02 -9.40783992e-02 -8.53341147e-02
 -3.39949802e-02 -4.01817635e-03 -1.69168696e-01 -7.44338185e-02 -1.36153445e-01 -6.80323169e-02 -2.14828029e-02 -8.24203268e-02  4.89776433e-02 -1.21350698e-02 -2.30034087e-02 -8.37420523e-02
  6.77372515e-02 -5.61241731e-02  1.28915801e-03  7.07546398e-02 -1.15719542e-01 -2.22657397e-02 -3.10899913e-02 -5.48075326e-02 -1.70663103e-01 -1.47825167e-01 -4.24579605e-02 -3.37772965e-02
 -3.37761920e-03 -6.58503175e-02 -2.42280029e-02 -8.75830743e-03 -1.14688337e-01  2.07213517e-02 -4.81557697e-02 -5.17016463e-02 -4.51555802e-03 -1.13630779e-02 -6.10285550e-02  1.28817242e-02
  1.16718188e-02 -9.64883268e-02 -5.76412678e-02 -7.92142302e-02 -8.99379030e-02 -7.58304372e-02 -9.60467905e-02 -6.94101602e-02 -5.40213026e-02 -9.63462740e-02 -9.86597314e-02 -2.68626343e-02
 -2.96000915e-04 -1.60104066e-01  9.10760388e-02 -5.49656600e-02 -2.98248101e-02  1.22139612e-02 -2.53436565e-02 -1.47404009e-02 -4.71263528e-02 -4.35486063e-02 -1.27713112e-02 -1.01985574e-01
 -8.37224722e-02 -1.29179910e-01  2.37439964e-02  2.22713165e-02 -1.37719497e-01 -1.36604831e-01 -7.22953454e-02  3.31969336e-02 -1.52897939e-01  8.51256624e-02  9.26574576e-04 -5.42501621e-02
  6.79372670e-03 -3.78134586e-02 -1.06043980e-01 -5.05982004e-02 -6.46200404e-02 -5.50506674e-02 -3.57458442e-02 -3.12854312e-02 -9.32382047e-02 -2.75425967e-02 -2.91796494e-02 -8.50135162e-02
 -6.60565719e-02 -1.06810950e-01 -3.00486330e-02 -3.95560227e-02 -1.77724048e-01 -9.17833671e-02 -4.19832282e-02 -8.78536031e-02 -6.83508962e-02  4.82521998e-03 -5.75763397e-02 -1.29756317e-01
 -3.26845646e-02  9.44661647e-02 -6.90146536e-02 -9.69739407e-02 -9.72838402e-02 -3.38033475e-02 -9.93143842e-02 -7.03817904e-02 -9.71394554e-02 -8.85960236e-02 -5.45380339e-02 -9.89482179e-02
 -1.16035141e-01 -4.11652811e-02 -5.82177341e-02 -1.32558420e-01  5.88702597e-03 -7.85624422e-03  4.11820076e-02 -1.05052106e-02 -8.95532742e-02  3.07578798e-02  1.01347640e-03 -4.87021580e-02
 -1.27935961e-01 -8.75192359e-02  2.00166162e-02 -1.05490804e-01 -1.63784370e-01 -8.66549984e-02 -3.47317532e-02 -2.40398366e-02 -1.31769747e-01 -5.11623807e-02 -1.53515577e-01 -1.02641515e-01
 -3.40436213e-02 -9.18630660e-02 -9.00347903e-02 -1.18607283e-02 -3.68328467e-02  2.58927103e-02 -3.23465951e-02 -6.59885928e-02 -1.00216553e-01 -7.40980953e-02 -1.27691984e-01 -3.52997519e-02
 -7.14519024e-02 -8.49205256e-03 -1.60281643e-01 -1.89278170e-01  1.13394288e-02 -1.30615592e-01 -1.11198634e-01 -6.66933134e-02 -2.48940699e-02 -4.64792363e-02 -1.21453717e-01 -8.14466625e-02
 -1.28123254e-01 -1.17280453e-01  4.99520935e-02 -1.23813644e-01  7.10155964e-02  4.78536300e-02 -1.14388671e-02 -5.99398762e-02 -9.07005218e-04 -1.95777670e-01 -5.20543605e-02  2.62391176e-02
 -1.17492326e-01 -5.07167215e-03 -6.89557791e-02 -9.52317044e-02 -1.93561073e-02  2.58276369e-02 -4.74743396e-02 -4.95858230e-02 -3.51250470e-02 -5.27538620e-02  2.90177483e-02 -4.22205329e-02
 -2.71122027e-02 -5.65160401e-02 -3.09018847e-02 -4.37406963e-03 -3.74044888e-02 -1.34223804e-01 -1.03787646e-01 -8.63782465e-02  1.04395635e-01 -2.29302142e-02 -2.41979323e-02 -6.34301901e-02
 -1.01956345e-01 -4.19061109e-02 -5.31929471e-02 -1.90735366e-02 -3.57365375e-03 -3.55283245e-02 -1.16681516e-01 -5.23031391e-02 -7.63437673e-02 -2.95442995e-02  8.67636409e-04 -5.19382693e-02
 -1.23641737e-01 -4.00437973e-02  1.78030357e-02  1.78706180e-02 -6.57665133e-02 -1.89996529e-02 -1.10169873e-01 -5.76648861e-02  9.43582039e-03  3.01641645e-03 -7.82643706e-02 -2.90288813e-02
 -8.34478661e-02  6.07383251e-02 -1.25897780e-01 -9.63853523e-02 -3.60803567e-02 -4.86682393e-02  2.66297180e-02 -1.05167747e-01 -1.18860140e-01 -6.68696538e-02  2.75147730e-03  1.57732330e-02
 -8.29789415e-03 -9.60280970e-02 -1.67918742e-01 -8.23925659e-02 -2.74336860e-02 -7.95157328e-02 -1.11733444e-01 -4.22158949e-02 -1.75750241e-01  1.64362062e-02 -1.02866650e-01 -9.38193724e-02
 -7.21333325e-02 -1.64414197e-02 -3.93611640e-02 -2.82318946e-02 -3.07416674e-02 -2.41950899e-03 -4.00175788e-02 -2.88421307e-02 -1.13274045e-01 -1.72342166e-01 -4.47672717e-02 -5.30485995e-02
 -4.52422947e-02  1.89975346e-03 -6.36436120e-02 -6.54251650e-02 -1.16441622e-01 -1.06737882e-01 -4.70774248e-02 -8.16931725e-02
