1.75333962e-01 3.17639768e-01 2.10222468e-01 7.69235790e-02 1.59588203e-01 3.70464444e-01 9.22967345e-02 1.95373461e-01 2.27176696e-02 9.45935473e-02 2.01482326e-01 9.94137824e-02 2.29517311e-01
 1.43276513e-01 1.58980757e-01 7.00649232e-44 3.35097350e-02 8.14014152e-02 1.97648555e-02 4.58065197e-02 1.59272224e-01 8.79393592e-02 3.17700565e-01 1.11027978e-01 2.24541470e-01 1.41334996e-01
 2.91718394e-01 1.08341634e-01 1.55832931e-01 2.73981243e-01 1.54495060e-01 1.76226735e-01 4.38496396e-02 1.25962257e-01 1.46596119e-01 7.59722888e-02 2.98014373e-01 4.31710601e-01 6.55071065e-02
 8.31152499e-02 3.40069048e-02 1.81964621e-01 7.48061612e-02 1.98538199e-01 2.66371220e-01 1.82253376e-01 1.63514599e-01 1.23178340e-01 2.08750278e-01 1.18744887e-01 5.56370430e-02 9.37629864e-02
 3.70204210e-01 1.61166966e-01 1.00753836e-01 9.68231037e-02 1.07998177e-01 3.04399550e-01 9.72968191e-02 2.81953096e-01 4.73543294e-02 4.64354545e-01 1.02599315e-01 3.06832064e-02 5.86199239e-02
 6.31467402e-01 9.98687893e-02 2.24960089e-01 1.64130002e-01 2.25426089e-02 1.28111959e-01 2.26181969e-01 2.95952171e-01 4.88530725e-01 3.57765853e-01 5.48096374e-02 1.32327572e-01 2.58462783e-02
 1.50634617e-01 3.22696678e-02 4.47105646e-01 4.79659624e-02 2.20517203e-01 3.85823429e-01 7.00649232e-44 2.07774058e-01 8.73971134e-02 1.77984163e-01 1.90764189e-01 8.73053223e-02 1.54715404e-01
 1.75684527e-01 2.15738162e-01 5.40736839e-02 1.52891412e-01 3.79761428e-01 6.56712174e-01 1.22659907e-01 3.92815977e-01 7.11617991e-02 8.83167610e-02 2.71944463e-01 1.71216607e-01 5.30036874e-02
 6.02934957e-01 7.00649232e-44 4.71946895e-01 4.79964942e-01 1.27478391e-01 7.42107928e-02 3.79024714e-01 5.67114949e-01 2.73012400e-01 2.01366946e-01 2.75732338e-01 2.69872993e-01 1.41415656e-01
 1.74379908e-02 9.92301852e-02 4.03467447e-01 1.49091765e-01 3.52520555e-01 1.03077874e-01 2.44023159e-01 1.27017945e-01 1.51478514e-01 1.36397406e-01 1.25974804e-01 1.12938024e-01 3.15806478e-01
 3.60974967e-01 6.47096932e-02 7.00649232e-44 9.25324783e-02 7.51727670e-02 2.05118656e-02 3.32210004e-01 2.03399226e-01 1.01055890e-01 1.84244975e-01 1.47283226e-01 4.13358778e-01 2.17434734e-01
 7.25142062e-02 1.20921291e-01 3.17078561e-01 6.60271794e-02 7.00649232e-44 9.45964009e-02 6.06091209e-02 7.37430900e-02 1.28440872e-01 1.47555113e-01 1.93616033e-01 1.76460251e-01 1.66261315e-01
 1.06038898e-01 3.12239081e-01 1.35287985e-01 2.38571659e-01 1.25241816e-01 4.27943051e-01 1.07381329e-01 2.67447263e-01 1.55439511e-01 1.14904523e-01 1.87304243e-01 2.04645202e-01 2.90167093e-01
 7.92067572e-02 9.35724229e-02 4.41664547e-01 1.31139413e-01 1.61704481e-01 2.13150963e-01 2.50226885e-01 2.78293431e-01 1.09169140e-01 2.08313867e-01 2.76657846e-02 4.81076449e-01 3.71740788e-01
 2.72606581e-01 1.97113603e-01 2.98570544e-02 3.84733617e-01 2.39685714e-01 4.30365115e-01 2.15146616e-01 1.29372090e-01 2.41331831e-01 1.71796337e-01 7.78453201e-02 1.71612710e-01 2.32265055e-01
 4.88746092e-02 3.23171094e-02 1.40822887e-01 6.82044327e-02 1.63637146e-01 3.14118147e-01 1.72521919e-01 5.86018264e-02 1.41178727e-01 1.58722892e-01 9.50194746e-02 2.80552268e-01 5.93835190e-02
 1.00235730e-01 1.79298744e-01 3.03925514e-01 1.32156089e-01 6.24861419e-01 8.72601494e-02 2.91521341e-01 1.64535508e-01 1.21444046e-01 1.52663440e-01 8.52461085e-02 7.06873462e-02 3.04323584e-01
 3.72180551e-01 1.11633837e-01 9.95083451e-02 8.17052945e-02 8.26513022e-02 1.88645467e-01 1.28032386e-01 4.74892892e-02 6.73809052e-02 6.02047890e-02 4.99696344e-01 1.99041903e-01 3.46434832e-01
 3.32386047e-02 1.89153165e-01 1.63150623e-01 1.85194299e-01 4.85435650e-02 1.04278795e-01 1.52966246e-01 3.75477940e-01 1.66080013e-01 2.68356651e-01 1.17074504e-01 1.71841353e-01 8.54010582e-02
 2.71658957e-01 6.54361323e-02 5.47182500e-01 1.28689095e-01 1.14763469e-01 2.04191118e-01 9.32240561e-02 9.97203439e-02 1.32391408e-01 2.02884749e-01 2.15032816e-01 2.94089824e-01 7.92536065e-02
 2.27545306e-01 2.60777861e-01 1.36784568e-01 2.92683780e-01 6.02320954e-02 1.26686782e-01 1.78303495e-01 1.46956086e-01 8.06939602e-02 5.55472732e-01 9.45684984e-02 1.45558745e-01 4.61202525e-02
 1.77932307e-01 1.53772905e-01 3.50616336e-01 2.35470518e-01 1.45680115e-01 2.20536053e-01 1.25885785e-01 9.45967361e-02 2.14289010e-01 7.21500754e-01 1.42788932e-01 2.92271137e-01 6.10464811e-02
 4.04181689e-01 1.04845755e-01 4.43366505e-02 1.97653502e-01 6.94651186e-01 1.84842870e-01 4.86458093e-01 7.83623382e-02 8.42291340e-02 1.25985354e-01 8.60621333e-02 1.36971414e-01 3.44511308e-02
 1.05471976e-01 1.93656579e-01 2.25636616e-01 2.17169493e-01 1.57787338e-01 1.35287657e-01 4.20071095e-01 8.82143080e-01 7.29585826e-01 6.20710731e-01 9.37346369e-02 9.16615129e-02 1.28380612e-01
 1.52288541e-01 4.75843996e-01 5.39646707e-02 1.01632699e-01 2.75016248e-01 1.34192958e-01 6.08230382e-02 1.77368835e-01 1.36151820e-01 9.77454633e-02 8.74483734e-02 1.46342278e-01 7.38604143e-02
 1.32839590e-01 3.68209839e-01 5.42005837e-01 9.64246541e-02 5.55932522e-01 1.17029533e-01 1.37323424e-01 9.35943872e-02 1.15416706e-01 1.46677077e-01 5.67870364e-02 5.27659953e-01 2.70106643e-01
 1.98162988e-01 1.65594786e-01 2.36489192e-01 3.64674777e-01 1.46129936e-01 1.13620639e-01 4.42420512e-01 7.00649232e-44 7.92818442e-02 9.17381793e-02 3.09734941e-01 1.32410318e-01 6.61384463e-02
 3.41640085e-01 5.05603492e-01 2.90151060e-01 8.15944821e-02 2.74601042e-01 2.27719083e-01 7.86528647e-01 2.65074611e-01 2.33121980e-02 1.06969647e-01 3.58556807e-02 7.00649232e-44 1.41367346e-01
 3.38467747e-01 3.61724824e-01 6.48648068e-02 2.92412221e-01 1.16973519e-01 1.48986578e-01 4.82594222e-02 1.67778581e-01 5.04028857e-01 3.26116562e-01 1.73376083e-01 2.37382680e-01 2.37801164e-01
 3.37350339e-01 1.10156380e-01 1.99365959e-01 4.10879254e-01 2.45895147e-01 3.82088363e-01 4.21650499e-01 7.34927803e-02 1.38661504e-01 1.19707674e-01 9.59150046e-02 1.67339906e-01 2.86853313e-01
 1.52911529e-01 4.72050369e-01 3.50964703e-02 3.73691581e-02 3.52351695e-01 1.68587863e-01 4.06272970e-02 4.44954634e-02 3.70001733e-01 4.58927631e-01 1.26946568e-01 7.18910247e-02 2.28354350e-01
 1.99353158e-01 3.81828278e-01 1.95871025e-01 1.36694103e-01 3.43819469e-01 2.60555655e-01 7.62065649e-02 1.54874116e-01 1.16523430e-01 3.29668045e-01 1.89510018e-01 1.95437938e-01 1.34299055e-01
 1.19555965e-01 7.41580352e-02 1.26196131e-01 7.00649232e-44 9.21256840e-02 5.08063197e-01 1.33662924e-01 3.58563513e-01 4.25663412e-01 1.54649630e-01 2.14267403e-01 1.12411276e-01 1.38351902e-01
 1.90946147e-01 2.12336540e-01 2.15926170e-01 3.09791058e-01 1.68444186e-01 1.37258708e-01 1.99629307e-01 3.58739197e-02 3.84286970e-01 4.88935970e-02 2.76681513e-01 6.66136071e-02 1.94421113e-01
 1.82857171e-01 2.11636379e-01 8.99509966e-01 7.18923450e-01 2.35252962e-01 1.32576093e-01 1.39405623e-01 9.52740833e-02 5.51731363e-02 7.98936635e-02 2.88533211e-01 3.20848562e-02 3.81659299e-01
 1.18098944e-01 3.62688363e-01 2.24658251e-01 4.68066007e-01 1.01221234e-01 3.17109734e-01 1.19355470e-01 1.50253326e-01 2.97348022e-01 1.12090625e-01 1.11661062e-01 8.72809589e-02 1.02705508e-01
 1.70672134e-01 1.58641264e-01 1.98100224e-01 4.60541099e-02 1.99372590e-01 1.40362248e-01 3.07081163e-01 1.46171153e-01 1.86577991e-01 3.54825795e-01 1.25323445e-01 8.09583887e-02 1.02336514e+00
 1.17250696e-01 6.43762201e-02 1.53195664e-01 2.71211177e-01 1.46497071e-01 7.14161217e-01 5.85575104e-02 2.10500777e-01 2.13656500e-01 1.34908840e-01 2.57110804e-01 2.01278597e-01 1.56305507e-01
 1.19156368e-01 3.72317880e-01 2.54388321e-02 2.48190105e-01 1.22034416e-01 6.51905417e-01 1.64478093e-01 1.06603839e-01 6.53272629e-01 1.40319183e-01 1.17091931e-01 5.42068742e-02 3.05558264e-01
 8.87097940e-02 3.29576209e-02 4.78201061e-02 6.17210448e-01 3.73099148e-01
