8.49316344e-02 1.06919825e-01 1.39733016e-01 2.21315727e-01 1.72240064e-01 1.16838366e-01 6.39182329e-02 9.56969485e-02 5.58125973e-02 1.85364723e-01 8.30073133e-02 1.72850072e-01 5.60375303e-02
 6.90367520e-02 4.40269597e-02 5.98796643e-02 2.16726344e-02 2.86460847e-01 4.99713160e-02 5.96549287e-02 1.30397066e-01 1.23166643e-01 9.06318501e-02 3.60861599e-01 7.61451721e-02 3.29437889e-02
 8.10692832e-02 7.18386769e-02 1.47972941e-01 1.08508587e-01 7.12011606e-02 3.70985419e-02 7.29187503e-02 4.57271338e-02 9.36842561e-02 6.38087243e-02 4.35873903e-02 8.22757334e-02 5.17096482e-02
 3.69766027e-01 3.23889181e-02 1.66690096e-01 2.41542440e-02 4.30253223e-02 4.22153696e-02 7.98908770e-02 4.46385182e-02 1.41358450e-01 1.07996128e-01 4.37118597e-02 2.32913438e-02 8.09940174e-02
 8.16705599e-02 5.38609847e-02 3.53021950e-01 1.74377337e-02 2.29478721e-02 4.28924561e-02 2.49553546e-01 1.06825441e-01 1.43554404e-01 5.36927059e-02 4.18381616e-02 5.13613857e-02 4.04151306e-02
 1.66741293e-02 4.67811972e-02 5.68218008e-02 3.75161357e-02 1.44662932e-02 4.32675146e-02 8.67404342e-02 6.22260198e-02 1.91201940e-01 9.59284008e-02 3.14388536e-02 1.52075633e-01 9.87982899e-02
 3.10425553e-02 8.57967213e-02 1.03315368e-01 2.50790268e-01 5.43037280e-02 4.73543666e-02 3.02880481e-02 1.55360568e-02 4.33003977e-02 7.24256709e-02 1.85931116e-01 6.04579337e-02 4.10289094e-02
 3.57681036e-01 9.12973210e-02 2.78159752e-02 9.99131128e-02 3.07033919e-02 1.27601728e-01 2.20516399e-02 4.79266532e-02 8.73070285e-02 3.91779281e-02 1.49297029e-01 5.72791100e-02 1.06992573e-01
 2.58126743e-02 6.38319030e-02 5.29714152e-02 5.96558116e-02 4.60443906e-02 9.15987715e-02 6.64554015e-02 9.02901217e-02 9.88624617e-02 1.08949512e-01 6.11928068e-02 7.14181885e-02 5.32420091e-02
 1.39003083e-01 8.69207010e-02 3.81923355e-02 4.25014868e-02 3.05559561e-02 6.11119419e-02 3.21714878e-01 2.50617206e-01 8.45492482e-02 1.47927642e-01 3.66396233e-02 5.64540848e-02 3.59016657e-02
 9.04218778e-02 7.45600834e-02 6.50908947e-02 1.04592077e-01 1.24665998e-01 1.77008137e-01 1.03481866e-01 4.78651263e-02 1.53153896e-01 2.44142875e-01 9.79616642e-02 7.22715333e-02 5.36678284e-02
 1.91980332e-01 2.13285387e-02 8.82151648e-02 4.56218794e-02 8.31098929e-02 2.50228569e-02 4.17666137e-02 6.86478242e-02 1.20497584e-01 3.93209308e-02 7.72957131e-02 7.02209920e-02 4.62507941e-02
 1.07535720e-01 7.35620335e-02 1.45858392e-01 9.41980928e-02 4.54717651e-02 7.62278289e-02 1.11544795e-01 6.52973279e-02 7.32548833e-02 6.15081415e-02 1.96953624e-01 1.71952471e-02 3.57728116e-02
 7.97308087e-02 3.19700651e-02 6.75825626e-02 1.21329889e-01 1.10313877e-01 4.53030132e-02 1.08537212e-01 1.49524435e-01 3.13805528e-02 1.33483425e-01 1.84701845e-01 2.26508170e-01 5.10751083e-02
 5.86162172e-02 1.04401052e-01 7.98984468e-02 4.87033390e-02 7.04588518e-02 5.21714352e-02 1.49264693e-01 1.00925781e-01 3.91175747e-02 1.32868737e-01 1.82263508e-01 8.74617472e-02 1.18811332e-01
 8.06533843e-02 5.85819893e-02 1.38066933e-01 9.79997292e-02 9.40075368e-02 3.71435992e-02 7.48409405e-02 2.55581178e-02 1.83799341e-01 3.30964960e-02 4.68630716e-02 1.07787237e-07 5.28081842e-02
 6.76227361e-02 1.93376601e-01 1.41424052e-02 7.54932612e-02 1.01229824e-01 7.95846358e-02 6.71800748e-02 4.96222638e-02 9.42032486e-02 1.10639125e-01 4.01743986e-02 1.07447989e-01 2.88347378e-02
 7.74602666e-02 4.00985815e-02 1.09888256e-01 1.15679456e-02 1.98074371e-01 3.90602313e-02 3.72828767e-02 4.76463139e-02 5.66565990e-02 7.36742169e-02 4.71530892e-02 8.63043740e-02 1.47163779e-01
 9.00616720e-02 3.19767222e-02 7.04270899e-02 1.00425504e-01 3.97827178e-02 1.70347005e-01 4.20714617e-02 7.07088858e-02 2.52937693e-02 4.00464423e-02 4.56747971e-02 5.48150167e-02 1.58244342e-01
 1.51860490e-01 6.36240765e-02 1.16399057e-01 7.09860921e-02 5.12636155e-02 7.71439150e-02 6.47960082e-02 4.96850498e-02 2.43961755e-02
