1.0202811  1.0989982  1.0754142  1.0881549  1.1452471  0.97004616 0.9278716  1.0488896  1.0170487  0.8920935  1.1480879  0.9606861  1.0591904  1.073869   0.9607388  1.0429807  0.98004186 1.0703195
 0.8505227  0.7939602  1.0681202  1.1171217  0.8866535  0.74842584 1.1379268  0.8791154  1.1679077  0.863943   1.1269957  0.975696   0.92999697 0.8891988  1.0976167  1.0498053  0.8866604  0.950426
 0.8259206  0.8427907  0.8685802  1.2010373  0.9691897  1.2906872  0.93178856 0.7942013  0.9900117  1.12125    0.9974857  1.237928   1.139133   1.1281638  0.9459401  0.98694056 1.1503546  1.2181638
 1.0953289  0.85742795 0.95845217 0.99909806 1.1485116  0.9401097  0.8729248  1.0792567  0.9560738  0.96965533 1.0105181  1.1350493  1.090232   0.9809248  1.0472211  0.77730435 1.1074563  0.9761232
 1.0240874  0.93753606 0.97644526 1.0178447  1.2329007  0.8522382  0.9559562  1.006896   1.0265872  1.253243   0.9402026  1.0769434  1.086724   0.8913105  1.0024937  1.1367937  1.0831654  1.205248
 1.0699589  1.2376046  0.98387814 0.8486111  0.90424114 0.99400264 1.1613884  0.81028473 0.7963433  1.0760022  1.0050874  1.0194871  1.0390992  0.8588774  0.8210268  1.250139   0.87026924 0.87122536
 0.9894616  1.1793407  0.9546761  1.1312243  0.9574268  1.0263016  1.1025538  0.9625655  1.1607598  0.9918833  1.0418298  0.8662607  1.0358336  1.0226319  1.116892   1.2348349  1.3716617  1.1284482
 1.0770719  0.8656899  1.0720953  0.82847077 1.0653095  0.8491179  1.0364274  0.96438503 1.2065841  1.0676802  0.82888556 0.97778904 1.0099623  0.9384059  1.0986912  0.84771687 0.8993898  0.8994121
 0.79313266 1.0802352  1.0622995  1.0131118  0.8245248  1.0457398  0.8162595  1.112762   0.980022   1.0095233  1.0032665  0.9817914  1.2668035  0.9841138  1.1655256  0.9900323  0.87280625 1.0899509
 1.2529448  0.9700016  0.9156147  1.0069051  1.0805167  0.7832499  0.83630276 0.9419378  0.90614206 0.9801483  1.161885   1.2040768  0.8893185  1.0386477  1.079928   1.0816166  1.0332475  1.058588
 0.83990276 1.004649   1.0129064  1.1309035  1.0305408  0.786675   0.94247204 0.8654565  0.90605634 0.9590531  0.9285278  0.8681834  0.9795343  0.99026686 1.1398816  1.0496336  0.98053616 0.9874001
 0.9818294  0.8579412  0.80589205 0.9604034  0.86131835 0.99430585 0.8736809  0.78697395 0.87075466 1.0127228  0.9762653  1.0367645  0.9298562  0.85946125 0.81753343 1.0598421  0.99535793 0.97298366
 1.0912766  0.96265966 0.94886553 0.9612982  0.8643976  1.1099553  0.92857176 1.0439587  0.8862489  1.0214579  1.387132   0.96145076 1.0554838  0.9130301  1.0196722  1.0217026  0.88430136 1.1835921
 1.0129844  1.0242248  0.934237   1.0047811  1.0492717  1.0495161  0.9793228  1.0152806  0.9780069  0.95344    0.9186294  0.923557   1.0719218  0.9727724  1.2366639  1.1019826  1.0812814  1.0362275
 0.933582   1.0712156  0.85467285 1.0284455 
