-0.04846064  0.0123362   0.03976367 -0.04428805  0.00533255  0.10914086  0.04302362  0.00356779 -0.02221201  0.10708879 -0.01082893  0.21141252 -0.06417466  0.12563774  0.04434079  0.07468136
  0.06309084  0.15272902  0.04460895  0.05997478  0.21566321 -0.0501414   0.04799201  0.10967533 -0.0223309   0.0330406  -0.02001037  0.06169742 -0.03347964  0.08895113  0.01553145 -0.06166013
  0.00133559  0.10590459  0.12940897  0.03472167 -0.0626992   0.01005193  0.02658174  0.18702286 -0.09573062  0.04549551  0.04633041 -0.00182104 -0.05819743 -0.03830848  0.07034677 -0.02267291
  0.04164851 -0.0675754   0.03861755 -0.04250507 -0.10745342 -0.06070281  0.01842567  0.10528084  0.11830275  0.03064121  0.13093317  0.0798314   0.12731726 -0.03684967  0.07108407 -0.0556604
  0.04070132  0.00770891  0.00629765  0.1390953   0.07279342  0.03237234  0.06302691 -0.09682515  0.10973164  0.0810912   0.07718838  0.03432225  0.24624415  0.05905975  0.09134315 -0.04867378
  0.06138613  0.23420143  0.06225285  0.04894575  0.07749239  0.07979952  0.06768984 -0.03737292 -0.02937035  0.17722641 -0.0787228   0.13304526  0.00129447  0.05994295  0.04793905 -0.08605208
  0.06431974  0.02990067  0.00619571 -0.04412922 -0.00132047  0.18680951  0.1281008  -0.01766321  0.13394585  0.10954721 -0.05288555  0.05466017  0.03947116  0.15573828  0.04163719 -0.00056771
  0.16804901  0.07065945 -0.02297381  0.04240499  0.02286416  0.06829653  0.05158292  0.03579627  0.02489332 -0.03618344  0.04429549  0.04662986  0.06724502  0.05858224 -0.02288923  0.04928274
  0.03101705 -0.03321353 -0.02745461  0.07776233 -0.05089022  0.03301562  0.08886436  0.07039391  0.19813477  0.04413592  0.10614138  0.10503304 -0.00161606  0.00278777  0.05549232  0.12966862
  0.05446097  0.0392649   0.0740099   0.01682297  0.07164582  0.04256034 -0.00728901  0.20321967  0.12523368  0.11230163  0.08665165  0.03081954 -0.03443247  0.11838695  0.18190248  0.05950289
 -0.03738968 -0.03399932  0.03078853 -0.06472223 -0.06273435 -0.01128387  0.18677329 -0.05600782 -0.03811522 -0.05815218  0.05784143  0.05283248  0.10893224  0.18008785  0.06632076  0.00311089
 -0.00418155 -0.04895908  0.09186237  0.00175802  0.09621139 -0.0362032  -0.06422396  0.15142828  0.02508567 -0.0080124   0.14668466 -0.00772777  0.11665888 -0.06962322  0.02034454  0.09910336
  0.04752997  0.05954842  0.01633903  0.04135614  0.05279712  0.08705742  0.02755252  0.12056914  0.00553741  0.03674375 -0.10570854  0.09296296  0.05894589  0.01050013  0.04333609 -0.0451751
 -0.02865941  0.13272136  0.00408112  0.03532407 -0.05424522  0.13797334 -0.00638344 -0.00341467  0.02166976  0.01815973  0.00270404  0.10082773  0.07554063  0.13993794  0.03605255  0.01520533
 -0.12595487 -0.05193535 -0.02813508  0.02019745 -0.09880897  0.09559553  0.03320538  0.02077108  0.09858188  0.02814634  0.05033494  0.00203825 -0.06017195  0.114425   -0.00873212  0.18661885
 -0.01892341 -0.01470451  0.03886961  0.02726329 -0.00763517 -0.08451962 -0.0114687   0.05936276  0.02383422 -0.03679263  0.06841572 -0.00998763  0.03455625  0.07889327  0.06160206  0.08591636
