1.57295302e-01 2.08383873e-01 2.35392600e-01 3.16739082e-01 2.96496868e-01 1.75207838e-01 7.34274462e-02 1.39702454e-01 8.43559951e-02 3.32572460e-01 1.30921811e-01 2.91449189e-01 8.59301165e-02
 1.23827264e-01 6.70926869e-02 1.06683344e-01 3.53972577e-02 4.11362350e-01 6.98344857e-02 8.15307945e-02 1.73793212e-01 2.00290859e-01 1.54427618e-01 4.40640777e-01 1.30620435e-01 3.94602045e-02
 1.21044025e-01 1.06927052e-01 2.76942581e-01 1.77414790e-01 1.09438598e-01 5.57089597e-02 1.35345638e-01 8.13411847e-02 1.15253352e-01 1.16455615e-01 6.65509254e-02 1.18877336e-01 6.85928911e-02
 6.39703155e-01 5.16341403e-02 2.39801988e-01 3.19439285e-02 5.52730747e-02 6.71545118e-02 1.29683018e-01 6.05375431e-02 2.86676377e-01 1.77086264e-01 6.70419633e-02 2.47510392e-02 1.39282167e-01
 1.33953154e-01 8.31133276e-02 6.44623697e-01 2.12809145e-02 2.87703089e-02 5.90258911e-02 3.41283590e-01 1.51412427e-01 1.99308082e-01 9.13825780e-02 6.43943921e-02 7.12492466e-02 6.66157752e-02
 3.09054069e-02 7.29508772e-02 8.41227397e-02 6.12717792e-02 1.60900094e-02 7.07972497e-02 1.33053556e-01 1.04009591e-01 2.54787028e-01 1.39449224e-01 5.89026548e-02 3.48772824e-01 1.39106557e-01
 4.44467999e-02 1.42293826e-01 1.30593657e-01 4.49891478e-01 7.64155686e-02 7.57820010e-02 5.22249080e-02 2.25607324e-02 7.61427432e-02 1.21657863e-01 2.94451237e-01 1.20489880e-01 5.41010499e-02
 5.91389120e-01 1.52397856e-01 3.79872434e-02 1.47220567e-01 4.37185764e-02 2.63166219e-01 2.81054024e-02 6.04880974e-02 1.25362590e-01 5.68027124e-02 2.07088292e-01 8.82181451e-02 1.54716879e-01
 3.05308085e-02 1.04307152e-01 6.75256699e-02 7.04330057e-02 7.24144205e-02 1.53710201e-01 1.04747139e-01 1.54129595e-01 1.25220299e-01 1.60028800e-01 1.15574814e-01 1.11598521e-01 1.10865861e-01
 2.36342683e-01 1.15889728e-01 5.32468818e-02 8.02707002e-02 4.58807312e-02 9.82180759e-02 5.69121897e-01 4.11067247e-01 1.31011292e-01 2.53558666e-01 3.88483144e-02 8.31873938e-02 4.68696877e-02
 1.45970345e-01 1.10118940e-01 1.00901857e-01 1.33384362e-01 2.23324507e-01 2.31164679e-01 1.30844608e-01 6.47324994e-02 2.70444453e-01 3.54919970e-01 1.52481109e-01 1.36801228e-01 7.64909089e-02
 2.90234029e-01 2.65617464e-02 1.42711103e-01 9.10655931e-02 1.28300145e-01 3.01217921e-02 5.31250499e-02 8.23069289e-02 2.09531486e-01 5.64929247e-02 1.24359921e-01 1.00309178e-01 7.86990225e-02
 2.06066638e-01 1.19631723e-01 2.51375586e-01 1.14806749e-01 7.53373429e-02 1.09361343e-01 2.19754845e-01 9.46712047e-02 1.01323307e-01 1.04271092e-01 3.42297465e-01 1.92020275e-02 4.22294214e-02
 1.70742154e-01 4.74575795e-02 1.15604855e-01 2.28366673e-01 1.82336494e-01 7.60331228e-02 2.11902812e-01 2.78867126e-01 4.67794649e-02 1.99201375e-01 2.92982399e-01 3.62067610e-01 9.54964012e-02
 9.20305252e-02 1.26584053e-01 1.26471803e-01 6.67191669e-02 8.30990896e-02 8.28289241e-02 1.84434354e-01 1.48982421e-01 5.65274321e-02 2.18097687e-01 2.92778820e-01 1.41243532e-01 2.14185745e-01
 1.21752329e-01 1.05035424e-01 2.27496311e-01 1.28194660e-01 1.35800093e-01 5.43850288e-02 1.57263264e-01 3.41209993e-02 3.25688541e-01 5.02117276e-02 5.62704541e-02 2.25512942e-09 8.16174671e-02
 9.51858163e-02 3.34136754e-01 1.96141563e-02 9.34437513e-02 1.26054481e-01 1.15261652e-01 9.63326246e-02 8.60421807e-02 1.61349550e-01 2.08124995e-01 5.61657995e-02 1.73335344e-01 4.16405089e-02
 1.44283339e-01 6.22941069e-02 1.90348044e-01 1.48735819e-02 3.19493324e-01 1.10757381e-01 6.38761967e-02 8.12390596e-02 8.97812620e-02 1.24642424e-01 6.81671798e-02 1.24622039e-01 1.92851394e-01
 1.16344400e-01 5.00485227e-02 9.38967615e-02 1.47545263e-01 5.42945154e-02 2.69962430e-01 5.83725274e-02 1.10836826e-01 4.15650122e-02 6.56942204e-02 5.56082539e-02 7.11194798e-02 2.51662165e-01
 2.42122874e-01 1.33422390e-01 1.81189895e-01 1.18907809e-01 9.79440883e-02 1.42600641e-01 9.56552848e-02 7.35967606e-02 3.95436287e-02
