0.3649999  0.35709742 0.8585762  0.32072732 0.51929224 0.4739771  0.60646003 0.30184114 0.5119509  0.31670034 0.4283355  0.7027726  0.35640407 0.60983896 0.3251092  0.5314257  0.25445592 0.49681783
 0.38830003 0.47553715 0.5852064  0.6527638  0.4206809  0.3923715  0.43497324 0.3186493  0.31506905 0.42659396 0.7659772  0.50702214 0.3480171  0.56080014 0.55023444 0.29696476 0.34154856 0.35663933
 0.28470466 0.51019573 0.18857507 0.66251683 0.5771969  0.5745461  0.4595498  0.2869444  0.62750494 0.4457964  0.2793498  0.5735615  0.5500087  0.5637914  0.23179272 0.54375815 0.29919365 0.7807799
 0.28528437 0.5781707  0.5383371  0.26806924 0.65267843 0.44282803 0.27759722 0.23695107 0.5968171  0.44399366 0.56259394 0.73922485 0.28402522 0.4055959  0.3419985  0.3236274  0.42929265 0.79882115
 0.5367518  0.37796643 0.56947523 0.5950039  0.3583423  0.8029069  0.63686335 0.48855677 0.4203942  0.4935643  0.59649867 0.5115908  0.5184764  0.6247258  0.54912907 0.37459895 0.5656982  0.4491547
 0.3957691  0.36822334 0.57936305 0.22267528 0.39734313 0.472679   0.40759203 0.31720304 0.5567923  0.4217659  0.23421475 0.44574586 0.5091858  0.43741733 0.60449636 0.58456737 0.38947943 0.33657658
 0.49077508 0.556643   0.1913302  0.38240495 0.38328856 0.6431914  0.6209927  0.40515175 0.33993384 0.39510694 0.34583685 0.26579645 0.33348405 0.48850322 0.5192514  0.52697533 0.3941314  0.48288622
 0.50421745 0.75427836 0.39056152 0.25853533 0.32479483 0.34948513 0.46135172 0.5214454  0.39432946 0.4141849  0.30840868 0.4983534  0.3275488  0.48750415 0.4413577  0.4021546  0.58196366 0.43334985
 0.36521694 0.82438976 0.4315893  0.37751022 0.5239104  0.799014   0.41448846 0.4769498  0.22079776 0.63749593 0.3521206  0.49719644 0.43836483 0.5310731  0.19981882 0.5279008  0.44141358 0.4540003
 0.37493706 0.5061433  0.28672823 0.20013848 0.30685163 0.40491283 0.39581895 0.44616747 0.27251095 0.5092743  0.41199794 0.24741639 0.2950214  0.5499747  0.50741774 0.38047868 0.34162566 0.51068443
 0.6823724  0.5616401  0.3954286  0.326645   0.5370036  0.3102858  0.32885903 0.4348493  0.2363013  0.49076813 0.42863044 0.41271156 0.40479177 0.38962758 0.29220626 0.22329502 0.49396655 0.68397975
 0.42090735 0.3101658  0.35834372 0.6005669  0.32044032 0.42711145 0.22053978 0.32813358 0.6047894  0.3668214  0.5753953  0.34709716 0.42104205 0.3617063  0.24388783 0.25173515 0.32307807 0.33367288
 0.66082174 0.35348886 0.3665542  0.481373   0.63690877 0.44168696 0.61214274 0.2798864  0.28711966 0.33706573 0.3733312  0.4877974  0.28754422 0.47309747 0.6902608  0.4470208  0.31689194 0.42627376
 0.67732215 0.28472832 0.5945617  0.4977288  0.4509005  0.5460736  0.29194328 0.4268042  0.54677975 0.34583026 0.21313524 0.6197843  0.72156465 0.32712692 0.44730133 0.33649927 0.43199944 0.600899
 0.7302581  0.43413755 0.20141599 0.44003168
