0.84528035 0.9149005  1.2209775  0.8804655  1.0817503  0.962953   0.9524206  0.8841785  0.9734933  0.919475   0.9682294  0.99834293 0.8753382  0.819105   0.92813635 0.9686116  0.95538634 0.88798916
 0.91945356 0.90339583 1.0699227  1.0143869  0.97609955 1.1738495  0.92388475 0.8726457  0.82445663 0.869304   1.2282448  0.90162235 0.8215663  0.8823716  0.78959304 0.9083105  0.9339533  0.9648258
 0.8305705  1.0555096  0.8193367  1.025427   1.0112957  0.9734254  1.0456542  1.0150635  1.0980917  0.9181855  0.81448555 1.1621685  0.9300971  1.1603087  0.796612   1.1741743  0.8671159  1.1287556
 0.96884334 0.9801698  1.0018952  0.86841583 1.1739222  0.83734703 0.9238012  0.89736766 0.9973193  0.85302573 0.91601604 1.1694766  0.8892766  0.8906835  0.88169515 0.92830545 0.95062566 0.9997105
 0.9611753  0.87379646 1.0259819  1.1392441  0.88218606 1.0001376  0.8436705  0.9498655  0.93824184 0.9716709  1.2010715  0.93461543 1.00385    1.0206738  1.1417571  0.91307926 0.9508979  0.8842797
 1.0180547  0.7900493  0.9488854  0.73919517 0.93001056 1.0505755  0.9876625  0.89175165 1.0446194  0.88451636 0.8561634  0.9476882  0.99452573 1.0257965  1.2081523  0.9304912  0.9541209  1.0094119
 0.9509233  1.0215092  0.84238493 0.8777299  0.907934   0.9430266  0.96979547 1.0282947  0.8584262  0.9490075  0.848715   0.8989193  0.8924436  0.9799762  0.93020886 1.0599959  0.9094904  1.0642935
 0.8462771  1.3093448  0.7775029  0.8295529  0.7893886  1.0548357  1.0004305  0.9524047  0.93502676 0.95012707 0.92018306 1.0928247  0.9918994  0.8858457  0.9106232  0.93117    0.9809098  1.0286597
 0.8661767  1.1407843  0.87873864 0.87573487 1.0303797  1.0625662  0.861309   0.94351137 0.90063083 1.1725613  0.84727687 0.9292127  1.1283066  0.9660908  0.7624419  0.87876236 0.8902137  0.9291034
 0.83355874 1.0099314  0.9022037  0.843735   0.9183321  0.91586107 0.9790516  0.84705555 0.8854112  0.8693994  0.9313997  0.93957347 0.86494946 1.090485   0.92008185 0.91303355 0.8449956  0.9416073
 1.1238735  1.1570587  0.95459306 0.9241851  1.0623692  0.8502649  0.6714758  0.9530746  0.8029191  0.979309   0.9333849  0.8497053  0.8595478  0.8918996  0.84121495 0.9777737  1.1482687  1.0386788
 0.8233322  0.8602897  0.90615743 1.0003687  0.8586427  1.0261769  0.861927   0.92496693 1.0153188  0.91546494 0.95829946 0.97662765 0.9041861  0.93809247 0.8860771  0.9070523  0.8913096  0.8270064
 0.989377   0.9474391  0.9054947  0.9516551  0.9784985  1.0411811  0.9887342  0.94324327 0.8843468  0.82478344 0.88388544 0.82658774 0.8538486  1.0793417  0.97634304 0.89900666 0.7596479  0.9391586
 0.9345193  0.8141969  0.96448827 0.79630536 0.9461967  0.9501703  0.75461096 1.016525   1.1206123  0.86510766 0.898284   1.0665482  0.96662056 0.8133794  0.9199705  0.81372285 1.1095653  1.1800497
 1.1331481  0.8991645  0.94393694 0.96643317
