-2.65544593e-01  3.57648730e-01  9.05889094e-01  4.69431020e-02  8.02267790e-01  3.33466902e-02 -2.11348891e-01  1.60991400e-01  3.92886817e-01  3.21105272e-01  7.60528266e-01  3.52332354e-01
 -3.33673090e-01  2.79564798e-01  5.21453880e-02  2.57309020e-01  9.15547386e-02 -1.53457403e-01  3.16463523e-02  1.33423030e-01  6.48634136e-01  6.27309263e-01  1.51421145e-01  6.62209034e-01
  2.03305706e-01  3.57052863e-01 -2.29544297e-01 -9.59518254e-02  7.90557027e-01  2.61896104e-01  9.58262756e-02  3.11773509e-01 -2.06188470e-01  8.78416747e-02  5.51190794e-01  6.36509478e-01
  4.69366787e-03  2.39692822e-01  4.79140460e-01  5.82479417e-01  3.40819001e-01  8.29303823e-03  3.39529634e-01  5.95627427e-01  3.41903806e-01 -9.19829905e-02  1.28034964e-01  5.17004013e-01
  7.95425028e-02  7.42856979e-01 -1.59740403e-01  7.26447999e-01 -3.30374449e-01  4.90171909e-01  5.87224901e-01 -6.70841709e-02  6.31625891e-01 -6.90136775e-02  6.15112603e-01  1.90066129e-01
  2.91870594e-01  2.56753713e-01  6.36333585e-01  1.19063616e-01 -1.99188679e-01  6.85206950e-01  1.31408960e-01 -2.55265944e-02 -8.16699341e-02 -2.43295953e-01  1.15742385e-01  1.98909536e-01
  2.63005406e-01  1.92876264e-01  5.14461994e-01  5.66579759e-01  3.15080001e-03  2.09631532e-01  2.04538628e-01  4.53802794e-01  3.62614691e-01  8.97476003e-02  8.37235928e-01 -7.67162954e-03
  4.71121699e-01  4.67330843e-01  6.99362695e-01 -4.49491665e-02 -5.45831881e-02  3.09859335e-01  2.35192999e-01  2.19090790e-01  5.13582081e-02  1.56721711e-01  3.57179463e-01  5.44283152e-01
  1.74265832e-01 -1.28408685e-01  3.42311412e-01  4.53652106e-02  1.36459991e-01  4.77713868e-02  2.98204750e-01  4.91736263e-01  8.95397782e-01  3.65975760e-02 -3.01032458e-02  3.39496493e-01
  2.30493218e-01  2.84364611e-01 -3.27684045e-01  6.22563213e-02  1.63228080e-01  5.56804776e-01  4.31252718e-02  5.05804360e-01 -1.08589530e-01 -1.09892413e-01  1.16774626e-01  8.48047063e-02
  1.64578423e-01  9.10965577e-02  2.35793456e-01  4.56160605e-01  3.99250865e-01  8.16682994e-01 -3.41524214e-01  8.86084497e-01 -2.92208910e-01 -9.15653817e-03  5.07673062e-02  7.69517481e-01
  2.15766840e-02  8.37784633e-03  1.77783147e-01  3.95483464e-01  4.62548658e-02  3.55546325e-01  3.98411423e-01 -2.70669669e-01  2.65504748e-01 -1.92519620e-01  3.37956250e-01  2.92378962e-01
  5.87444663e-01  6.31585479e-01  5.28640561e-02 -3.52426358e-02  1.02684371e-01  5.62187314e-01  2.41820440e-01 -7.18921423e-03 -2.87059128e-01  5.64113677e-01 -2.35230085e-02  1.68231547e-01
  3.51685852e-01  1.76777735e-01  3.18166018e-01 -2.23736465e-01  6.40150905e-02  3.18061739e-01 -2.02675834e-01  2.04398930e-01 -5.46179824e-02  5.81379771e-01  1.26572788e-01 -4.67498936e-02
 -5.55942170e-02  1.00424793e-02  2.50174761e-01 -2.35090572e-02  1.25486910e-01  1.62538812e-01 -3.13858427e-02  3.25151443e-01  1.20997578e-01  2.43593633e-01 -1.72425538e-01  4.87365097e-01
  5.73673129e-01  8.20289433e-01  1.39777660e-02  8.68824963e-03  5.57512403e-01  3.98944348e-01 -4.21940625e-01  3.07530195e-01 -5.52064218e-02  3.31518412e-01  4.72542107e-01  2.50360489e-01
  2.06781417e-01  1.42934322e-01  9.17059630e-02  2.93909490e-01  5.69606841e-01  2.28997573e-01 -1.87658563e-01 -1.82086915e-01  2.02732891e-01  3.81163985e-01  5.36476493e-01  2.15944231e-01
  4.76639628e-01 -1.77425325e-01  2.29470924e-01 -2.97177345e-01  2.07876176e-01  3.12742889e-01  2.58791327e-01  2.26588309e-01  2.95388430e-01  4.41203952e-01 -4.49017175e-02  4.34134364e-01
  1.44655943e-01  6.04802370e-01  7.51298815e-02 -1.25222906e-01  3.73703867e-01  4.02187258e-01  3.34876657e-01  3.84635657e-01 -2.06998050e-01 -5.91959134e-02  4.39113006e-02  1.60122022e-01
  7.22069817e-05  4.86653745e-01  7.09436014e-02 -1.43408820e-01 -1.88820541e-01  6.03413463e-01  1.84227809e-01 -2.65211731e-01 -1.78027183e-01 -1.87797844e-01  4.02046919e-01 -1.34273022e-01
 -5.32152429e-02  6.02609038e-01  7.01777220e-01 -1.91779062e-01 -1.06216796e-01  4.70737845e-01  4.62303013e-01  5.35729766e-01  4.48721349e-01  1.21619530e-01  5.79200566e-01  6.58953071e-01
  3.74594450e-01 -1.76939406e-02  1.48377538e-01  2.26139218e-01
