0.43669108 0.4827232  1.0459843  0.3719265  0.6794791  0.59185475 0.6930928  0.36992833 0.5698512  0.41905516 0.63576454 0.9360348  0.45917955 0.67776453 0.39953598 0.65093374 0.369068   0.5675795
 0.5180569  0.6099972  0.6718995  0.712814   0.5648558  0.47375634 0.5468273  0.4070467  0.37585968 0.52066714 0.93359774 0.6706929  0.47899854 0.68787146 0.5772912  0.36691362 0.4755983  0.46141568
 0.37661028 0.5908825  0.25310898 0.7347312  0.74642926 0.6333476  0.551621   0.42535198 0.783574   0.63958913 0.32856658 0.87013555 0.5918877  0.83978575 0.26642698 0.78995055 0.34789625 1.0279238
 0.46343392 0.70055944 0.6964538  0.3056716  0.85542834 0.48891655 0.3235958  0.3483519  0.876607   0.4750674  0.71350014 0.918087   0.4061105  0.5209016  0.5011428  0.41697806 0.5158492  0.96202356
 0.57738554 0.47425553 0.6575839  0.74429816 0.47125316 0.864893   0.74143845 0.61242646 0.49213478 0.5459972  0.7912259  0.7275304  0.6228747  0.7686451  0.74336493 0.45104888 0.62657243 0.53876853
 0.51892906 0.42656344 0.6619613  0.3371889  0.55049586 0.68993795 0.4904083  0.39986503 0.63930124 0.46766034 0.39298815 0.5927364  0.6492019  0.54752964 0.81234646 0.61865366 0.48242205 0.48838717
 0.55774707 0.6346869  0.2640872  0.425385   0.5902222  0.6966269  0.71938187 0.53781617 0.4405844  0.5190533  0.4563582  0.3000975  0.4499062  0.56076807 0.67146134 0.69513    0.47982043 0.7502184
 0.5297311  1.1923232  0.47592044 0.311324   0.36925453 0.5120414  0.54743844 0.586365   0.4957714  0.44557267 0.40477368 0.6415496  0.43284997 0.56867445 0.49187148 0.5126261  0.7659842  0.69640565
 0.52432835 1.0041528  0.5076472  0.46175116 0.73475754 0.94633245 0.47210944 0.5725181  0.26616448 0.6759175  0.42359415 0.5447572  0.646953   0.6086695  0.24249278 0.5613773  0.57304806 0.56406903
 0.50031453 0.6385935  0.37589186 0.29801497 0.34832174 0.47821283 0.5150521  0.45714468 0.32111365 0.59666115 0.48536044 0.2860725  0.31832984 0.72563595 0.5779922  0.4159887  0.43014583 0.6123316
 0.8319708  0.72876185 0.4815522  0.36814335 0.584408   0.39289472 0.36648774 0.47408196 0.27785587 0.55224365 0.5138514  0.52503043 0.6217017  0.53101516 0.37240365 0.34701073 0.76349455 0.78731877
 0.46517247 0.33914554 0.48872122 0.6822631  0.38597652 0.5397226  0.28190514 0.40534392 0.6931629  0.50215214 0.62101996 0.43365526 0.5735723  0.49483815 0.30606705 0.2951568  0.4176193  0.4578012
 0.77593964 0.39967996 0.4945028  0.56991756 0.8434147  0.5684538  0.67672396 0.40449005 0.41671777 0.38774636 0.49575847 0.5162816  0.33984175 0.60934913 0.70580655 0.5892052  0.39169618 0.52078986
 0.6776801  0.39358255 0.6665113  0.49725494 0.5847018  0.7037645  0.35687798 0.5187142  0.7397238  0.39317057 0.28832427 0.76345605 0.9394856  0.36562175 0.5309952  0.40629584 0.58233136 0.72488904
 0.9199064  0.5265323  0.2698265  0.5450669
