1.12674403e+00 9.40722406e-01 6.68171048e-01 7.00649232e-44 7.00649232e-44 2.00893879e+00 1.61159858e-01 7.00649232e-44 2.40386441e-01 1.65879875e-01 7.00649232e-44 8.18582356e-01 2.48249561e-01
 2.11633325e-01 5.48448801e-01 2.19378784e-01 1.93982482e-01 7.00649232e-44 2.30069801e-01 3.07563961e-01 2.51832008e-01 3.06657016e-01 7.12950766e-01 4.18474346e-01 5.34057856e-01 3.41121137e-01
 2.04852834e-01 5.25789917e-01 2.17306376e-01 1.29590884e-01 3.92057955e-01 3.48437071e-01 3.93190593e-01 3.38103145e-01 7.00649232e-44 7.35515356e-01 6.17051065e-01 7.00649232e-44 3.68392080e-01
 1.25480115e+00 5.32349527e-01 4.53021228e-01 7.00649232e-44 2.05511957e-01 7.00649232e-44 2.47443959e-01 2.27575213e-01 2.62549400e-01 7.00649232e-44 8.63721550e-01 3.97303909e-01 7.00649232e-44
 5.33420086e-01 3.98344189e-01 7.84590960e-01 7.00649232e-44 1.61511809e-01 8.57599854e-01 3.06803018e-01 7.10707605e-01 5.97166419e-01 3.23691368e-01 3.87784421e-01 6.27891541e-01 4.17239487e-01
 2.78432548e-01 1.36612743e-01 3.05252731e-01 1.06201179e-01 5.06630301e-01 5.54621100e-01 3.31190854e-01 4.79698151e-01 2.47913286e-01 4.13759559e-01 7.28187412e-02 2.63728440e-01 4.59827125e-01
 1.77352309e-01 4.64580208e-01 3.03432077e-01 1.99470475e-01 3.87817919e-01 2.02379197e-01 2.21806601e-01 7.00649232e-44 5.03982246e-01 1.48944020e-01 4.50365573e-01 3.87859613e-01 2.32780173e-01
 5.29263139e-01 2.12797523e-01 2.89561719e-01 4.75418627e-01 2.45744228e-01 7.00649232e-44 3.38545531e-01 1.03068061e-01 7.00649232e-44 5.43043315e-01 6.28225029e-01 1.98180258e-01 2.52469689e-01
 7.00649232e-44 3.03060651e-01 2.55149215e-01 7.00649232e-44 3.41292024e-01 1.62734479e-01 3.10982078e-01 3.59216422e-01 7.00649232e-44 1.81060702e-01 7.00649232e-44 6.00419879e-01 1.24818690e-01
 4.44682032e-01 7.00649232e-44 3.70382339e-01 2.15188771e-01 7.30567575e-01 4.91663873e-01 3.48209381e-01 4.59699780e-01 1.54374495e-01 7.00649232e-44 1.02724820e-01 2.80635118e-01 3.91417176e-01
 1.17406681e-01 6.35982275e-01 7.00649232e-44 2.77331233e-01 3.24603528e-01 2.26021022e-01 1.96638167e-01 3.10927600e-01 1.89227700e-01 1.26284614e-01 7.00649232e-44 3.85940194e-01 2.55768538e-01
 2.35898077e-01 5.69862366e-01 8.04001153e-01 7.00649232e-44 1.23874195e-01 6.17829382e-01 3.03353012e-01 2.25028366e-01 2.02703044e-01 8.66867721e-01 7.00649232e-44 3.52468163e-01 6.06030524e-01
 1.12465620e-01 7.00649232e-44 1.85745478e-01 2.63774216e-01 1.47626981e-01 5.51693380e-01 7.80604780e-01 2.76890308e-01 4.89440978e-01 2.64404953e-01 3.35760117e-01 2.84958303e-01 6.73515379e-01
 7.00649232e-44 1.70598805e-01 2.53787637e-01 2.86782235e-01 3.14111114e-01 2.80051172e-01 2.51639664e-01 2.29503930e-01 6.02491260e-01 2.54402786e-01 9.09032002e-02 7.00649232e-44 7.39513159e-01
 3.58507812e-01 3.27355772e-01 7.00649232e-44 2.66689926e-01 9.03665200e-02 2.54640341e-01 3.28793257e-01 6.47390664e-01 4.38330710e-01 7.84527898e-01 2.90854156e-01 3.83046240e-01 7.00649232e-44
 3.44493002e-01 9.04052675e-01 4.69828576e-01 2.26043195e-01 1.10769130e-01 3.83766770e-01 2.23673761e-01 9.80685353e-02 5.91316044e-01 2.97088623e-01 8.90937865e-01 1.86897293e-01 3.67563576e-01
 5.57191789e-01 6.12043500e-01 3.42299938e-01 1.50375053e-01 2.45805904e-01 1.26103029e-01 2.94820040e-01 2.96862721e-01 2.73401231e-01 7.00649232e-44 5.00591040e-01 4.03251261e-01 7.00649232e-44
 2.27351248e-01 7.00649232e-44 4.65803534e-01 7.00649232e-44 5.81538200e-01 7.00649232e-44 4.07149225e-01 7.00649232e-44 4.89186406e-01 5.32921076e-01 2.01227099e-01 2.96078593e-01 3.65868121e-01
 8.43504220e-02 5.87641180e-01 7.00649232e-44 5.94892740e-01 6.83461726e-01 1.84936181e-01 7.00649232e-44 6.66857779e-01 2.99525797e-01 1.28876984e-01 7.00649232e-44 5.48947871e-01 4.50919390e-01
 5.87673366e-01 3.01374167e-01 3.16453010e-01 3.97072881e-01 9.15278673e-01 3.78965110e-01 2.06005618e-01 3.70220840e-01 2.58208394e-01
