0.99682266 0.9427447  1.078512   0.945005   1.1788597  0.9428129  1.0062135  0.79276955 1.1290454  0.88684696 1.0292913  0.99434453 0.911301   0.9485739  1.0801569  1.1902764  1.0024798  0.97159314
 0.9177464  1.1019614  1.3114376  0.993041   0.9551184  1.1437967  1.010598   0.99546355 0.93878716 1.1008452  1.0332822  0.99049264 1.0878831  1.0354296  1.1426307  1.0194683  1.1891268  1.0718235
 1.1178209  0.93414885 1.1405059  1.0836519  1.1646087  1.0753446  1.0276269  0.9311407  0.97452646 1.0148319  1.1442237  1.1171081  0.8490061  0.88707644 1.0581832  0.93702036 1.0549241  1.2201579
 0.9782735  1.0448642  0.8829866  0.87730855 0.9683905  1.0418952  0.9472823  1.06737    0.9447486  1.0117515  0.96190995 0.87521684 0.9849733  1.0905789  0.84201115 1.148453   0.97999567 1.046968
 1.1783229  0.9213725  1.2803364  0.7964649  1.1098129  1.0719739  0.9620976  0.9425741  1.0036262  0.94446313 1.0328525  0.93362117 1.2472254  1.0076479  1.1735698  1.0286989  0.9780091  1.2475511
 0.9397961  1.1196868  0.9409039  0.9924657  0.9560774  0.9819969  0.9645203  0.9587111  1.0165178  1.0518723  1.0776116  1.0450615  0.91599846 1.4242247  0.8330271  1.086389   0.9577422  1.1824926
 1.0466678  1.0907601  0.9496133  0.94325364 1.2551434  0.914825   1.0631807  1.0126678  0.92905754 1.051996   0.9696699  1.3736229  0.94769055 0.96841484 1.0887074  1.0030545  0.91330475 0.9294585
 1.2774192  1.0199693  1.030254   1.1368191  1.0262133  1.0677683  1.0238042  0.99585015 0.87878674 0.9575913  0.9252717  1.0292859  1.0155661  0.9395076  0.9960493  0.94238615 1.0116248  0.87290776
 1.2174518  1.0447911  1.1118337  0.88508207 0.93264884 1.0109423  1.1279217  1.0595686  0.96385443 0.9927578  1.0551097  0.9910251  0.8961197  0.8520625  1.314601   1.0656724  0.96158797 1.0222532
 1.0464033  1.1516323  0.965868   1.1594135  0.9100237  0.9828396  0.9195084  1.0144118  0.87604845 1.1816738  1.2898331  1.0858426  0.9719298  1.0215434  1.0058719  1.0700858  1.1166753  0.87521946
 1.0830189  0.9885371  0.9368447  1.1821417  1.0713692  1.0443345  0.8357282  1.1399704  1.0740877  1.1117375  1.0358517  1.0565908  0.85056657 0.9373763  0.7077322  1.0272442  1.089724   1.0541213
 1.2628531  1.0270616  0.9405243  0.9184577  0.85511357 0.90659064 0.9593861  1.0870727  0.89345485 0.9751447  1.0334872  1.1599281  0.9047382  0.97927994 0.9858443  1.1537739  0.9102101  0.95061356
 1.114704   0.9682863  1.1019461  1.1141087  0.8733071  1.0241237  1.0195712  0.98996085 1.0825379  1.0660381  1.0771058  1.1095265  0.9027284  1.0799556  1.0394698  0.8148256  1.1467001  1.0355458
 0.83745575 1.0917399  1.016324   0.9424298  1.0238155  0.97660536 1.1446717  1.054501   0.9011206  1.0490904  0.9582205  1.0017393  1.1854419  1.0915132  1.1211973  1.0343271  1.0048951  1.1072906
 1.1388972  1.0418844  0.79421014 0.9923493 
