-1.03772826e-01 -8.92402455e-02  9.59334255e-04 -3.72543484e-02 -3.67994368e-01  6.20388277e-02 -9.93726701e-02 -1.34642065e-01  1.68256134e-01 -2.84813076e-01 -4.64086741e-01  6.67944849e-02
 -2.49139413e-01 -5.21179885e-02  1.29010916e-01  2.30297702e-03 -3.56497280e-02  1.47284418e-01  1.31237254e-01  1.68713152e-01  1.48446277e-01 -1.00632980e-02 -1.12501077e-01  1.03451319e-01
 -8.28907415e-02 -1.00026075e-02 -1.42126545e-01 -1.43192289e-02 -1.08204700e-01 -8.78628939e-02 -3.98061378e-03  1.87030975e-02  9.70474035e-02  3.01301870e-02  1.86439663e-01 -1.54304966e-01
 -5.84285473e-03  9.81284156e-02  2.18251094e-01  9.40499976e-02  1.05816014e-01 -1.87590495e-02 -1.90768570e-01 -1.50100008e-01 -4.43060338e-01 -2.99170315e-01 -2.49759271e-03  6.86723739e-02
 -2.13510558e-01 -1.33608043e-01 -2.12361515e-01 -3.28312486e-01  8.97569805e-02 -6.75143600e-02 -1.54482275e-01 -5.62855124e-01  1.55518511e-02 -6.38866052e-02 -1.37837589e-01  9.01453197e-02
 -2.44138911e-01  7.60822594e-02 -1.73458830e-01 -7.58355064e-03 -3.04882199e-01 -2.07646713e-01 -4.20337841e-02  1.33677155e-01  1.99664578e-01  2.05363110e-01 -3.65346111e-02  6.81210831e-02
  2.86151320e-01 -1.24521188e-01  8.33274275e-02 -3.07423800e-01  5.73724359e-02  1.56638771e-01 -1.92611188e-01 -1.22317426e-01  1.18866146e-01 -9.58683416e-02 -1.64257526e-01 -1.01376347e-01
  3.01469862e-01 -1.71100765e-01  1.71491832e-01  6.86853379e-02 -2.03108396e-02  2.01527923e-01 -2.24371061e-01 -7.76152173e-03 -2.20351413e-01 -1.24361940e-01 -2.97259614e-02  1.13388626e-02
 -1.74337298e-01  6.01540087e-03 -2.42034838e-01 -4.72777486e-01  7.60492608e-02  4.90235165e-04 -1.29923761e-01  2.64263570e-01 -2.03415558e-01  1.36652719e-02 -3.06613982e-01 -5.27991429e-02
  1.37730628e-01 -7.49865621e-02 -1.20898103e-02 -1.02912646e-03  1.23765180e-02 -5.62138595e-02 -5.01479983e-01  3.97045761e-02 -1.57931954e-01  3.95649113e-02 -1.19619928e-01  1.94669932e-01
 -4.91145700e-02  2.65285164e-01 -9.26810130e-02  9.46079865e-02 -1.58921883e-01 -1.04425892e-01  1.83064893e-01 -1.47895962e-01  1.34007886e-01 -6.38290495e-02  6.74338192e-02 -1.82027649e-02
  1.58355966e-01 -7.06244558e-02 -1.81461737e-01 -2.38882780e-01 -1.83723763e-01 -2.09790155e-01 -1.23189144e-01  7.18699023e-02 -4.09413904e-01 -1.99661314e-01 -2.07863376e-02 -1.53837815e-01
  1.23487003e-01 -2.28518602e-02 -4.66324873e-02 -3.27722549e-01  1.85141593e-01  1.13465883e-01 -7.21855089e-02  9.29953810e-03 -1.01165898e-01  4.10727821e-02 -3.30247171e-02 -1.46597996e-01
 -3.25247079e-01 -1.98125541e-01  3.51061001e-02  2.03683767e-02 -1.62507400e-01 -1.64353848e-01  6.30166978e-02  4.16925997e-02 -1.51842758e-01  5.14971167e-02 -4.81610522e-02 -8.87201354e-02
 -3.47802877e-01 -3.61930281e-02  8.56256112e-02  3.39043923e-02  1.68582886e-01 -4.01494205e-02 -8.19303766e-02  7.09501579e-02 -1.46602124e-01 -6.93990476e-03  8.58179927e-02 -1.11405753e-01
 -6.45767152e-02 -7.51000121e-02 -2.18462855e-01  1.69665232e-01 -2.51865983e-01  7.18971947e-03 -2.09226727e-01 -7.36548677e-02  1.70303304e-02  2.21723095e-01 -6.11263029e-02 -5.50659979e-03
 -2.22356141e-01 -1.28722310e-01 -4.34238762e-01  6.53621778e-02 -1.27092496e-01 -1.24582527e-02  2.74338305e-01  2.95348763e-01 -3.33723016e-02 -1.12941764e-01 -1.28948078e-01 -1.45666018e-01
 -1.28393844e-01 -2.88550053e-02 -1.01732358e-01 -1.15880087e-01 -6.91310540e-02  3.31024498e-01 -2.59794503e-01  5.29452078e-02 -8.33961889e-02 -5.57956211e-02 -2.81791091e-01 -1.59376413e-01
 -6.85600862e-02  4.94322181e-02  3.87009904e-02  9.64118093e-02 -3.02546650e-01 -2.29163185e-01 -3.12864810e-01 -5.80052771e-02  4.01163638e-01  4.83684652e-02 -2.21891701e-01  2.28505377e-02
 -1.56905115e-01  4.37343307e-02  1.55544296e-01 -8.06084126e-02 -7.78517351e-02 -6.83318067e-04 -1.77655011e-01  1.91859752e-01 -9.24367234e-02 -3.98061499e-02  9.34296474e-03  1.12017039e-02
 -1.48681309e-02  4.65116985e-02 -1.74311697e-01  2.76933964e-02  6.09054081e-02 -4.87799980e-02  4.79382873e-02  1.16806969e-01  7.27651939e-02 -1.25491634e-01 -1.48437560e-01  1.94042906e-01
  5.29974513e-02 -1.32248461e-01 -4.73689698e-02  3.16155925e-02
