1.7600454e+00 1.2513554e+00 1.0340257e+00 7.0064923e-44 7.0064923e-44 2.2813509e+00 2.3534100e-01 7.0064923e-44 3.8578746e-01 2.3840357e-01 7.0064923e-44 1.2880700e+00 4.1257781e-01 3.7914789e-01
 9.5931208e-01 3.1740502e-01 3.5657004e-01 7.0064923e-44 4.1802335e-01 4.7688553e-01 3.4580693e-01 6.2159121e-01 1.1640158e+00 6.2070435e-01 1.0535228e+00 5.6913602e-01 3.0662501e-01 9.2649651e-01
 4.8460859e-01 1.8666549e-01 7.5975305e-01 6.1412781e-01 6.5437442e-01 4.7406361e-01 7.0064923e-44 1.2553743e+00 1.0488294e+00 7.0064923e-44 6.5791231e-01 1.7904302e+00 9.4262421e-01 6.1457646e-01
 7.0064923e-44 3.2279366e-01 7.0064923e-44 4.8262388e-01 4.1212660e-01 3.4889647e-01 7.0064923e-44 1.7374626e+00 6.7331123e-01 7.0064923e-44 9.0393353e-01 5.9996450e-01 1.1723427e+00 7.0064923e-44
 2.5335723e-01 2.0195382e+00 5.4755414e-01 1.1644996e+00 9.7158015e-01 5.6233364e-01 7.7278739e-01 1.1063552e+00 7.5389785e-01 4.6355051e-01 2.1507561e-01 4.9868593e-01 1.4010933e-01 8.0096817e-01
 9.2531621e-01 5.4138786e-01 7.5692135e-01 3.9530689e-01 6.4029700e-01 9.7650342e-02 3.7638575e-01 6.1675614e-01 3.9842707e-01 7.0339555e-01 4.6498126e-01 4.6165219e-01 5.7591784e-01 3.3548731e-01
 3.3184201e-01 7.0064923e-44 8.4942693e-01 2.5457984e-01 7.0323622e-01 6.6645151e-01 4.2116484e-01 9.6475124e-01 3.9890105e-01 5.4599226e-01 8.3460492e-01 4.1533920e-01 7.0064923e-44 5.3528184e-01
 1.5030302e-01 7.0064923e-44 9.2453474e-01 9.7423106e-01 3.1306782e-01 3.3803162e-01 7.0064923e-44 5.1726496e-01 4.2294171e-01 7.0064923e-44 4.8891780e-01 3.1237000e-01 5.0046909e-01 6.5563470e-01
 7.0064923e-44 3.3315289e-01 7.0064923e-44 1.1961501e+00 1.8454812e-01 6.7853004e-01 7.0064923e-44 6.5678722e-01 3.5495996e-01 1.1295427e+00 8.5222036e-01 6.4279276e-01 7.3773956e-01 2.5837424e-01
 7.0064923e-44 1.8359607e-01 4.2635080e-01 6.7258161e-01 1.8689819e-01 1.1166804e+00 7.0064923e-44 4.1458619e-01 4.4731754e-01 3.9209619e-01 3.0464014e-01 4.5995733e-01 3.0369064e-01 2.1512724e-01
 7.0064923e-44 5.7551837e-01 4.2150986e-01 4.2104918e-01 8.3733422e-01 1.2226838e+00 7.0064923e-44 2.2394054e-01 9.9314165e-01 4.7025454e-01 3.0580238e-01 3.8199672e-01 1.6792705e+00 7.0064923e-44
 5.8912957e-01 9.8215574e-01 2.0301060e-01 7.0064923e-44 2.5328177e-01 4.3684933e-01 2.9335499e-01 8.7200761e-01 1.1753474e+00 3.7123051e-01 8.0238646e-01 3.6122614e-01 4.4751534e-01 4.4043535e-01
 1.1900030e+00 7.0064923e-44 2.9066783e-01 4.6248713e-01 4.6682501e-01 5.4760355e-01 4.4560224e-01 3.3916026e-01 3.9853665e-01 1.1395681e+00 3.7734380e-01 1.5369812e-01 7.0064923e-44 1.4773786e+00
 5.1760691e-01 5.3203267e-01 7.0064923e-44 4.0238354e-01 1.5509264e-01 3.2939559e-01 4.5656618e-01 8.4612113e-01 6.3556343e-01 1.4943769e+00 5.4620630e-01 6.6720009e-01 7.0064923e-44 5.8632720e-01
 1.5576009e+00 8.2824826e-01 3.8005602e-01 1.6129728e-01 5.9106618e-01 3.4252420e-01 1.7421047e-01 9.6159941e-01 4.5755562e-01 1.3472449e+00 4.1176108e-01 5.8314496e-01 8.8713884e-01 9.7108763e-01
 5.5357039e-01 2.1091621e-01 3.4824160e-01 1.7292383e-01 5.0341910e-01 5.5886543e-01 4.9072674e-01 7.0064923e-44 8.5930878e-01 6.8411899e-01 7.0064923e-44 4.1393423e-01 7.0064923e-44 7.3478526e-01
 7.0064923e-44 8.7765270e-01 7.0064923e-44 8.2741165e-01 7.0064923e-44 7.0775062e-01 8.2371181e-01 3.7713501e-01 4.2350444e-01 6.4653498e-01 1.3617158e-01 8.6385089e-01 7.0064923e-44 9.6696925e-01
 9.4420505e-01 3.4209296e-01 7.0064923e-44 1.1416361e+00 5.2162027e-01 1.7135133e-01 7.0064923e-44 8.9997208e-01 7.6745570e-01 8.3770907e-01 4.8439866e-01 6.4204627e-01 7.7348024e-01 1.4226348e+00
 6.0681283e-01 4.0605354e-01 6.6451681e-01 3.8433933e-01
