0.26047945 0.17763555 0.34242287 0.2745441  0.28673083 0.27468383 0.26353517 0.25260234 0.20529726 0.2788253  0.24285285 0.24638776 0.24882251 0.18295227 0.21209852 0.2673733  0.19810985 0.25216767
 0.20518818 0.2498629  0.21465966 0.2866214  0.1870538  0.19139828 0.26754442 0.3972461  0.26770595 0.2693502  0.2942926  0.25361362 0.25450942 0.3131941  0.25624833 0.2913921  0.26617685 0.20281762
 0.29595515 0.26405856 0.2590406  0.1846449  0.18411693 0.3062932  0.2894341  0.24517319 0.22651947 0.3818139  0.2429344  0.33992344 0.33430514 0.30280265 0.27016607 0.2545251  0.3434485  0.3703061
 0.3078057  0.266008   0.22534382 0.30225697 0.23638965 0.1983953  0.20433025 0.2551302  0.208065   0.24118221 0.26175785 0.28434968 0.30561742 0.34962392 0.2343275  0.2745943  0.35425007 0.19657777
 0.1901778  0.33675393 0.36814666 0.19428372 0.29634252 0.3769706  0.30886704 0.2895239  0.24475896 0.24836123 0.27343118 0.25356013 0.2706021  0.21912405 0.23454674 0.23739447 0.32966855 0.27000237
 0.27387202 0.2600302  0.24864084 0.30181086 0.28831524 0.30132955 0.25209886 0.24160437 0.2501298  0.30212334 0.35267967 0.23687248 0.29655808 0.2117586  0.21214236 0.30270964 0.1942917  0.28156304
 0.30101466 0.2376799  0.29423386 0.22849737 0.33188426 0.18748109 0.18195885 0.29698575 0.18811736 0.34581968 0.2983234  0.27327332 0.27988195 0.23414166 0.25427192 0.28627878 0.38718516 0.2189508
 0.13270804 0.2505257  0.16945906 0.28855202 0.3206549  0.3010165  0.20504157 0.19582145 0.28433803 0.27807373 0.20774241 0.20357166 0.3789251  0.25180763 0.24483855 0.23225905 0.2417284  0.31861073
 0.27099636 0.251265   0.26808932 0.21398751 0.34834236 0.28097245 0.24591504 0.1975592  0.19227259 0.26963773 0.25204408 0.23018813 0.26087666 0.1543124  0.26070777 0.30024305 0.31004336 0.32457796
 0.293198   0.1937907  0.23599423 0.37546134 0.32691374 0.19916138 0.20701665 0.2845173  0.29749885 0.24518913 0.23097472 0.18389829 0.16242817 0.29456735 0.26558316 0.2918516  0.22664675 0.26181573
 0.27643532 0.31750807 0.30836388 0.32748076 0.25191727 0.33195195 0.18173759 0.22627366 0.2112181  0.28149885 0.31126618 0.30703133 0.24513303 0.29805577 0.27566582 0.28118327 0.23355015 0.25700045
 0.26166698 0.23117101 0.2738896  0.22269414 0.30854255 0.22861052 0.30472267 0.25161952 0.28073812 0.24774395 0.27071667 0.14948355 0.22170179 0.19098043 0.2202035  0.23656414 0.15772718 0.27091768
 0.22608931 0.24777117 0.29762745 0.2370674  0.2109474  0.2910229  0.2926436  0.21213551 0.22366564 0.2717929  0.29225415 0.29564634 0.24186745 0.21528305 0.32652232 0.28310204 0.23165685 0.1907902
 0.21565482 0.26198015 0.24663906 0.20283712 0.27989027 0.23811345 0.28399846 0.29886666 0.2813905  0.2943694  0.22168446 0.32009017 0.2651576  0.19279392 0.2815686  0.26590317 0.28032017 0.24745898
 0.364927   0.2889977  0.34584126 0.25664303 0.26431596 0.25883    0.20859276 0.3220823  0.19159703 0.34568486 0.25412726 0.32651687 0.24471834 0.30982995 0.22921915 0.25844318 0.316066   0.24751948
 0.248936   0.3087643  0.24067372 0.38248232 0.26801768 0.3598991  0.27996734 0.24223843 0.20512897 0.27174255 0.34895232 0.33497807 0.17015803 0.30952305 0.22037426 0.32799906 0.33036825 0.32026055
 0.27679893 0.20053574 0.23227303 0.25883523 0.24284081 0.2747542  0.26210713 0.309384   0.23136538 0.29252687 0.19889428 0.27659196 0.21085727 0.2994251  0.24186935 0.30295676 0.23256098 0.29409412
 0.2629916  0.22313574 0.20492078 0.2851944  0.27154785 0.28669366 0.19147153 0.27102727 0.2607702  0.2826819  0.18868467 0.32538357 0.32065207 0.1713029  0.21263526 0.3142742  0.28615075 0.177317
 0.24720058 0.20337518 0.33316058 0.23112814 0.25828484 0.24804309 0.2855654  0.2999415  0.308232   0.16983183 0.3382068  0.29887646 0.23698227 0.24260072 0.25817755 0.29294384 0.23646425 0.31215444
 0.18892705 0.32734582 0.20898417 0.24738659 0.2606697  0.30891892 0.15308863 0.38062686 0.2445547  0.26250988 0.272922   0.27604222 0.2982316  0.2566418  0.2139356  0.2542294  0.3057005  0.29645735
 0.32166708 0.26678178 0.42905945 0.35779878 0.15029955 0.25528258 0.19734083 0.26071748 0.2867964  0.1639434  0.2491382  0.20174928 0.3583424  0.24596362 0.32172766 0.23647974 0.24504301 0.1684882
 0.17163718 0.25767753 0.25628033 0.29048795 0.22956194 0.2313681  0.2409994  0.25823054 0.27270335 0.32225236 0.20702924 0.26387203 0.2510025  0.2921436  0.23530145 0.20519263 0.22091185 0.27516922
 0.20565537 0.25249815 0.2808082  0.30212906 0.24693397 0.20523018 0.27677593 0.2903299  0.27482742 0.2441909  0.23912203 0.30263647 0.27793887 0.26241213 0.34794685 0.23339067 0.18694355 0.26282555
 0.27445653 0.24187396 0.29649583 0.28869462 0.22495194 0.21599647 0.25561824 0.32836294 0.25542688 0.17046092 0.16416518 0.19981313 0.23008898 0.26115713 0.31807092 0.23325492 0.28513587 0.26679027
 0.2236036  0.2032055  0.27689573 0.28926665 0.19727446 0.25158465 0.28677106 0.30776    0.14241806 0.21705498 0.19453245 0.24171944 0.3133986  0.28883585 0.28975835 0.23591803 0.43319356 0.20709185
 0.29151377 0.20355523 0.21962725 0.35323372 0.19049135 0.24554285 0.3246884  0.2846386  0.28323355 0.12953879 0.281331   0.22892411 0.28592446 0.27537948 0.20085521 0.3091699  0.27282223 0.30566385
 0.28102857 0.27249703 0.30103981 0.29794148 0.24451186 0.2856011  0.26741356 0.23049802 0.27727258 0.3148241  0.25369418 0.3149215  0.21762024 0.25726125 0.22856535 0.25142398 0.22974122 0.23736541
 0.24132165 0.270936   0.29845732 0.28560844 0.2582457  0.32275409 0.26387712 0.24257827 0.3000169  0.19704388 0.27712327 0.25209635 0.24721938 0.31074205 0.25172183 0.2357393  0.2506769  0.30362427
 0.38340062 0.2518823  0.30040532 0.1159176  0.29486635 0.23059292 0.33684343 0.20705913
