1.0812913  0.96863484 0.98137295 0.9780969  1.0670233  0.9338551  0.9726259  1.0270941  1.0067245  0.97810346 1.0733066  0.92686445 0.9168636  0.94981384 0.9692244  1.0143927  0.9104208  1.0445849
 0.98899364 1.0161486  0.92278284 0.8796014  1.0418435  0.9584899  0.9371772  0.98505497 0.89181656 0.9392831  0.9145335  1.1522628  1.0574137  0.91385007 0.9487786  0.949114   0.94421196 1.0631385
 1.0158682  1.0790434  1.0615557  1.0726594  0.976588   0.9455292  1.049857   1.148955   0.9936736  0.9731658  1.0753732  1.0381033  0.9720841  0.9785634  1.036413   0.94806474 0.904732   0.91449225
 1.0317577  0.89644194 1.0538977  0.97168285 0.9224281  1.0275947  0.8696436  0.93528855 0.9602625  0.9802508  0.930668   0.9617547  0.97640294 1.027082   1.0320302  0.9706535  0.99941874 0.9525574
 1.089982   1.0947442  1.1222962  0.92678416 0.9577966  0.8964677  1.0656245  0.8619743  0.9866279  1.1231385  0.9864507  1.0202216  0.9533901  1.0071533  1.013591   1.0259949  1.0564637  1.0280341
 1.0725168  0.9334689  0.9424512  1.0358865  0.9877796  0.9368348  0.98458785 1.0528309  1.0858115  0.9475429  1.0038611  0.9437472  1.0223179  0.9405355  0.97853994 1.035182   0.9498481  0.9998563
 1.0682477  1.0052031  0.9548341  1.0660859  1.0991699  0.9196377  0.9266402  0.90538067 0.97922164 1.0296338  0.9349199  0.9913684  0.95375144 0.95998204 1.0183672  1.0633063  0.9178164  0.9187665
 0.9670858  0.9954234  0.93793464 0.9800314  0.9930617  0.9964369  1.005654   0.9571952  1.0239626  0.95346326 0.95153403 0.9745185  1.0722387  0.9665599  1.0782719  1.0154879  1.0493371  0.9463214
 1.0777774  0.9911084  0.8909899  1.015262   0.9816216  1.1244318  0.9995945  1.0241953  0.95515275 1.009198   0.9499918  0.9200495  0.97637117 1.0464728  0.998356   1.0165701  0.94117695 0.98647416
 0.9498168  0.97177017 0.9496384  1.1542269  1.0419731  0.9858452  0.8900024  0.9717001  0.9730915  1.060813   1.0205388  1.0208606  0.9741635  1.0974276  1.0842553  0.9880969  1.0302724  1.032967
 0.96385735 0.9039734  1.0336348  0.9460912  0.9174954  1.020812   1.0469037  1.0098757  1.0575911  1.0253372  1.0262251  0.9318506  1.0148119  1.0610905  0.93233854 0.9847395  1.0215359  1.0064223
 1.0194632  0.97043127 0.99355054 1.0048943  0.92775613 1.1140953  0.9254167  0.966186   1.0058073  1.0946672  0.9789194  1.0474036  0.93963623 0.9800682  0.9552471  1.0084715  1.0628936  1.0237621
 1.0365531  1.0744457  0.99616283 1.0538213  1.0696353  0.99912536 0.93853414 1.01358    1.0687368  1.1048627  1.0104862  1.0021522  1.0374603  0.98760456 1.0417883  1.0079299  1.0145648  1.0245951
 0.9922966  0.86069375 0.91805255 0.9705068  0.9107079  1.0712354  0.928343   1.033142   0.90552336 0.9619134  1.0315626  1.0622253  1.0896355  0.94857705 1.0058318  0.98974687 1.1179698  1.0529481
 1.0771937  0.9952519  0.88361645 1.0295529  1.0669335  0.89587706 1.0179019  0.8550803  0.9362604  1.039939   1.0796878  0.9180203  1.00173    0.9756179  0.9023973  1.0530149  1.0610756  0.9889922
 1.0516703  1.052512   0.9653759  0.95953655 0.9294158  0.9342667  0.90630066 1.0339975  0.9783177  1.0383078  0.98053765 0.9742196  0.89257205 1.0219358  1.1221213  0.9874721  1.1414081  1.0735803
 0.92866594 1.0002913  0.961878   0.9729505  0.9905015  1.0679139  0.96596473 0.99406344 0.9306215  0.95884037 1.0577687  1.0376167  1.1181912  1.0036871  0.95736194 1.0312549  1.0011469  0.9223567
 1.0474385  1.0832765  0.9081818  1.0199866  0.91068435 1.0982208  1.0105803  0.9833471  1.0603858  0.9403595  0.9419449  1.0458851  0.96513957 1.0713671  1.0648206  0.9901611  0.9410556  0.93223447
 0.9466734  0.9924328  1.0263962  1.0836465  0.97658324 0.99668276 1.0629541  1.0685735  1.1012616  0.9636105  0.99853754 0.96917015 1.0208651  0.9178982  1.0518407  0.93150616 0.97108364 1.0619558
 1.1298426  1.1147503  0.9345812  0.9740252  0.8963745  0.9433917  0.9180127  0.9678524  0.971886   0.86790645 0.93287283 0.9623714  1.0375597  1.0598655  0.9327207  0.980137   1.0770959  0.9030339
 0.94674087 1.0804042  1.0026025  0.9319632  0.9170829  0.9694344  1.000144   1.0668086  1.051173   1.0979564  1.0369912  1.0018744  1.0236275  1.1878921  1.1336819  1.1243266  0.9617766  1.0027665
 1.0030563  1.0200616  1.092407   1.0009482  0.9664648  0.9784182  0.9618747  0.99165475 0.9541541  0.9664108  0.9441842  0.9906823  1.0552663  1.1119004  0.88553315 0.95930964 1.0242882  0.9440361
 0.89299905 0.931479   0.91834223 0.8759976  0.8692563  1.0495869  0.9055427  1.0144222  1.1062752  0.9793564  0.89048743 0.92808735 1.0833061  1.0008773  1.0374693  1.0467992  0.9191548  0.9367296
 0.9927661  1.0174174  0.99222    0.98979604 1.0132257  0.9662166  0.9777147  1.0344257  1.1004126  1.0540378  0.930918   0.96768034 0.9048154  1.1096879  0.94519    0.96301144 1.042607   1.0042517
 0.96953446 0.960258   0.9874477  0.9699886  1.0177252  1.0658342  0.9589904  1.0174586  1.0235689  1.0086809  1.041202   0.9956095  0.8995946  0.9848592  1.0210757  0.90082204 1.0179234  0.8914789
 0.9639695  1.041534   0.96470535 1.0960491  1.0037711  1.0089152  1.0929242  1.1669936  0.97142017 0.95981115 0.9990696  1.0050851  0.9899291  0.97369504 0.98721373 0.9991554  1.0132272  1.0568758
 0.97182417 0.891286   1.0201703  1.0424284  1.0631839  1.0588952  1.0344578  1.0469102  1.0798969  1.0050322  0.95648915 0.9932647  1.0047586  0.9003012  1.0311269  1.0586028  1.0155056  1.0745956
 0.9897583  0.9090378  0.9574757  0.9935199  0.9338272  0.99168414 1.0461833  0.8782669  0.9699007  1.003504   1.0293813  0.94600767 1.0820628  0.9729315  0.99974424 0.8927545  0.88237983 1.0108807
 0.9942374  1.016682   1.0431503  0.9970923  0.9947474  0.9522457  0.99722457 0.9574295 
