-0.01060665 -0.09099374  0.04079899 -0.09547271 -0.08985515 -0.13749011 -0.0578572  -0.14202869 -0.12686566 -0.05098725 -0.04177202  0.00668759 -0.08557131 -0.14035723 -0.15411477 -0.04032652
 -0.12122038 -0.09042547 -0.09242123 -0.10559377 -0.11516211 -0.03654445  0.00648234 -0.03454134 -0.01301497 -0.0819293  -0.05578967 -0.21043767 -0.12281235 -0.00942178  0.05247261 -0.08631299
 -0.08467526 -0.20866697 -0.13341157 -0.13497567 -0.12475458 -0.16351719 -0.00820056 -0.01470259 -0.10745125  0.04472896 -0.09561934 -0.0819315  -0.06523571 -0.19086093 -0.05037104 -0.06572737
 -0.09599987 -0.12674785 -0.12906158 -0.10766589 -0.01483682 -0.173913   -0.13840833 -0.08271687 -0.04105846 -0.03175394 -0.1293942  -0.00846514 -0.0093429  -0.06466234  0.01055009 -0.04551431
 -0.07664699 -0.04426888 -0.1150803  -0.11382239 -0.0752431  -0.05852646 -0.16772535 -0.09457988  0.07278579 -0.0595445  -0.12806977 -0.03833539 -0.18469392 -0.01486675 -0.13934253 -0.06272235
 -0.05546784  0.00905246  0.01411277  0.04051299 -0.17364909  0.01519039 -0.00602876 -0.0142314  -0.06089039 -0.0835203  -0.05137495 -0.02666631 -0.08608575 -0.13234948 -0.00403848  0.06098134
 -0.10946421 -0.03756692 -0.0786188  -0.0768638  -0.05591745 -0.23286101 -0.17981343 -0.01320485  0.01066687 -0.13414223 -0.04447842 -0.09378538 -0.06498002 -0.07866544 -0.2080199  -0.05849379
 -0.08877611 -0.05398323 -0.06697746 -0.13475133 -0.18405469  0.01651263 -0.06785508 -0.08564956 -0.1220914  -0.12505436 -0.09213217 -0.07771373 -0.14307007 -0.08557876 -0.00157991 -0.14309128
 -0.05430835 -0.09758732 -0.05414686 -0.05939014 -0.14273365 -0.04402884 -0.03969005 -0.1062673  -0.0754899   0.0510021  -0.08336983 -0.08427869 -0.00909046  0.0287546  -0.03563993 -0.07313839
 -0.01852491 -0.06008411 -0.04430626 -0.03606701 -0.02479242 -0.06674571 -0.07582685  0.07961345 -0.0169127  -0.02026581 -0.10714868 -0.09343755  0.01769121 -0.04748417 -0.06467791 -0.11876292
 -0.10264708 -0.11214752 -0.05367342 -0.04104611 -0.15750377 -0.16343187 -0.08114913 -0.1534755  -0.05760346 -0.05592924 -0.04053065 -0.0699124  -0.13269778 -0.05025023 -0.06394446 -0.07834012
 -0.12769735 -0.17423597 -0.01284412 -0.08229817  0.02062541 -0.11411381 -0.13775888 -0.07126544 -0.06016243 -0.12699139 -0.01664385  0.01849165 -0.00995703 -0.0646127  -0.01500481 -0.20063786
 -0.04277512 -0.01863628 -0.05849945 -0.06400481 -0.03842671 -0.02274481 -0.00822668 -0.050715   -0.03346731 -0.08928779 -0.17711227 -0.03682121 -0.06086724  0.04884528 -0.1879198  -0.08662423
 -0.06847779 -0.12011939 -0.01086398 -0.0346471  -0.02646771 -0.03910851  0.01232276 -0.14006445 -0.0109749  -0.10464934 -0.06868559 -0.16165483  0.05976032 -0.13033268 -0.08717152 -0.03534235
 -0.0875679  -0.07856581  0.0167893  -0.06289509 -0.14057644 -0.09487784 -0.1578879  -0.06611946 -0.09525511 -0.02604376 -0.05202447 -0.04053226 -0.07068647  0.01096551 -0.16563386 -0.01859664
 -0.04423797 -0.04127179 -0.09905602 -0.1214686  -0.04846036  0.01148381 -0.1956358  -0.01964752 -0.08921737 -0.04221795 -0.04010252 -0.00433321 -0.1313199  -0.04092833  0.00729189  0.00446937
 -0.0982651  -0.09120599 -0.07790506 -0.16262373 -0.05640991 -0.1715613  -0.15349016 -0.09130698 -0.09767003 -0.11042604 -0.04933758  0.03209319 -0.02109846 -0.02648569 -0.04230182 -0.06734134
 -0.15073514 -0.05689459 -0.11372239  0.04108677 -0.2462241  -0.02814646  0.01966625 -0.07456328 -0.08839615 -0.12023681 -0.07739035 -0.06385335 -0.12388834 -0.17665996 -0.14676252 -0.04859325
 -0.09434901  0.0391688   0.05160848 -0.14800557 -0.07489803 -0.15419495 -0.14702828 -0.08641799 -0.12182593 -0.13508551  0.00090066 -0.04378979  0.03194399 -0.05846588 -0.12207543 -0.09626288
 -0.09282721 -0.11280873 -0.05086979 -0.03526856 -0.06226439 -0.12031367 -0.08127542 -0.04686837 -0.0642799  -0.16334906 -0.07021893  0.00178942 -0.07687041 -0.08385059 -0.08413231 -0.0390888
 -0.01500254 -0.02773245 -0.10943994 -0.03367344 -0.00590537  0.02455262 -0.04306993 -0.03042662 -0.06438944 -0.0889013  -0.12033806 -0.04192114 -0.06813404 -0.03945987 -0.04924363 -0.1406707
 -0.12811692 -0.03613164 -0.0559516  -0.15737738 -0.04007919 -0.18931454  0.02251243 -0.04777303 -0.03721638 -0.03881194 -0.16831155 -0.08189152 -0.05806011 -0.14615135 -0.13196774 -0.12697446
 -0.05782849  0.01130734 -0.04769463 -0.05643425 -0.00428812 -0.12045375 -0.07298481 -0.11348712 -0.0829578  -0.01253816 -0.15263964 -0.15252903 -0.04615736 -0.117135   -0.08825169 -0.05999647
 -0.11431608 -0.07452074 -0.14173524 -0.09663392 -0.09240796 -0.00676775 -0.0090967   0.06461207 -0.1030207  -0.02759988 -0.05454313 -0.09889484 -0.03216948 -0.07207121 -0.11136864 -0.01686977
 -0.14710017 -0.00570884 -0.12134256 -0.05490535 -0.02784095 -0.17346945 -0.07616329 -0.06114285 -0.14779238 -0.07433988 -0.08386926 -0.13232498 -0.12760231  0.01641601 -0.10050276 -0.17379111
 -0.188674   -0.06297172 -0.13548899 -0.06643893 -0.0843211  -0.09533238 -0.01623682 -0.1817543  -0.04948872 -0.14640857 -0.0975301   0.01398919 -0.1417938  -0.12670764 -0.08536483  0.00275595
  0.00330642 -0.00737413 -0.05774106 -0.13094509 -0.08381321 -0.13651055 -0.04791622 -0.05584615 -0.02917598  0.00170895 -0.088508   -0.12276503 -0.04886127 -0.10464055 -0.07573405 -0.0495169
 -0.10538486 -0.08990025 -0.17865022 -0.05287343 -0.08436865 -0.10473251 -0.12052666 -0.14352246  0.07521315 -0.06669362 -0.03626072 -0.1188236  -0.16288461 -0.0125085   0.00767759 -0.05973868
 -0.04897014 -0.14370453 -0.08650163 -0.06104925 -0.044425   -0.08546999 -0.00451758 -0.03139888 -0.01344588 -0.04232309 -0.06776746 -0.13175583 -0.07985093 -0.14162377 -0.03091617 -0.0513333
 -0.08130945 -0.08016449 -0.10771132 -0.04139416 -0.14968525 -0.11320497  0.01094702 -0.06423883 -0.08392569 -0.02042954 -0.04856865 -0.0536841  -0.16746835 -0.0822367   0.00449873 -0.06559705
 -0.07023843 -0.10671008 -0.03947094 -0.02030983 -0.06088377 -0.0280198  -0.02876201 -0.13567343 -0.04664076 -0.11720506 -0.01543751 -0.1665     -0.07768319 -0.04249661 -0.03115362 -0.06602962
 -0.03136341 -0.09181421  0.00972143 -0.18610945 -0.13988587 -0.00446898 -0.16900095 -0.12132142 -0.05868328 -0.1308757  -0.18605848 -0.14658134 -0.0125716  -0.01194111 -0.12409943 -0.13680927
