0.25520223 0.1771158  0.29007408 0.24498855 0.28343183 0.22594218 0.24366875 0.27346888 0.15664962 0.2677267  0.16154133 0.14011332 0.20105024 0.18753108 0.1836098  0.16761157 0.17376362 0.23796545
 0.23318265 0.25948238 0.17690396 0.26122144 0.17369352 0.13882568 0.2721108  0.33638927 0.21427625 0.20767875 0.30739573 0.2592446  0.2442153  0.17454888 0.25530264 0.2636116  0.24289235 0.16929446
 0.28308928 0.2216454  0.23266612 0.18187207 0.19115098 0.22709382 0.22679944 0.16128454 0.20796886 0.3981651  0.21889333 0.23085558 0.31540903 0.23131193 0.17496334 0.21989453 0.23485821 0.3303106
 0.27853668 0.22106282 0.1858465  0.28056046 0.19909881 0.18979977 0.19208875 0.20480384 0.20565178 0.18412529 0.22815387 0.24403182 0.25173673 0.2444172  0.17959982 0.18338671 0.3017084  0.14839841
 0.2011336  0.29367307 0.2568359  0.13775657 0.25899637 0.29564062 0.25386694 0.27043167 0.20823629 0.22657275 0.25624418 0.21140736 0.255698   0.18421036 0.1727744  0.19886245 0.30681068 0.29329532
 0.2502013  0.2541115  0.2297498  0.27764046 0.18601885 0.2316712  0.21635136 0.21322589 0.20218137 0.2234114  0.3672216  0.22563702 0.29666567 0.15748699 0.17348988 0.26874423 0.16776264 0.29138175
 0.2788479  0.24918722 0.21857098 0.19205719 0.23220256 0.13326159 0.15056914 0.19643539 0.20744649 0.26484218 0.25765592 0.20338516 0.1729568  0.17378889 0.16977094 0.24357624 0.29127875 0.15087247
 0.11396404 0.17603694 0.14504053 0.25683865 0.26839903 0.2051122  0.14545955 0.17045753 0.22749336 0.21318746 0.12190784 0.17177726 0.3488239  0.20821227 0.17316319 0.2543293  0.21934031 0.28308684
 0.23070517 0.26611394 0.21832322 0.15149657 0.2386246  0.25872493 0.22672996 0.20267655 0.20751327 0.23512793 0.26878893 0.22982225 0.2536699  0.16868606 0.16483943 0.22485328 0.21342017 0.2443609
 0.21605608 0.13888139 0.1583258  0.3497377  0.26164436 0.186646   0.14361365 0.19525157 0.25718865 0.26733395 0.23449199 0.14652325 0.1487671  0.30116394 0.17748283 0.3338129  0.17401208 0.30885154
 0.20912372 0.3133943  0.26763225 0.2594452  0.16436234 0.28513962 0.19089957 0.17774874 0.19194414 0.21762207 0.24907005 0.23434386 0.29518875 0.29373306 0.25215265 0.18830018 0.23582946 0.34807777
 0.17037003 0.17164224 0.17598218 0.16213702 0.2071275  0.30516785 0.26369286 0.21662015 0.22450075 0.1798543  0.28086874 0.11929592 0.19668382 0.1974122  0.2033118  0.17270395 0.14444096 0.2136377
 0.1692735  0.2303454  0.3086027  0.15566188 0.25830546 0.19894946 0.21530212 0.15512311 0.1755795  0.18120545 0.21398742 0.23184891 0.34511083 0.19414268 0.34340274 0.22763573 0.18255454 0.1852832
 0.1900295  0.21366926 0.19329849 0.12767828 0.1706818  0.19892353 0.20475349 0.24102663 0.23423427 0.23504005 0.17195417 0.33407623 0.19543612 0.15857378 0.28013816 0.25635538 0.2318629  0.25040254
 0.3774473  0.26313043 0.20561108 0.2049095  0.18059961 0.24777512 0.15674986 0.24694394 0.14003079 0.26902157 0.20335296 0.28572753 0.24634747 0.21464433 0.15830407 0.24636987 0.2029678  0.19485013
 0.22214079 0.27695796 0.19937387 0.30767658 0.2342889  0.29365024 0.267343   0.2094161  0.24863258 0.29903224 0.35213092 0.39064264 0.1131882  0.34692863 0.2388144  0.21969658 0.34024745 0.22743516
 0.19579802 0.16772236 0.209196   0.22485688 0.20009415 0.20667727 0.18763077 0.2735652  0.1355448  0.19407643 0.23739189 0.20502736 0.22072381 0.21887358 0.2115159  0.29134616 0.27615446 0.22071129
 0.19910584 0.3055586  0.19635794 0.19598988 0.28612122 0.21459205 0.17978354 0.29918125 0.1827392  0.27647743 0.18905492 0.26715297 0.27950364 0.13787608 0.18000077 0.33868304 0.23976663 0.17759344
 0.22063012 0.21049526 0.342757   0.17590931 0.2932042  0.23941489 0.17381054 0.2862347  0.3674619  0.13136502 0.29689094 0.30113465 0.19105886 0.1676714  0.24735504 0.25588465 0.18866235 0.33890158
 0.21738784 0.29400593 0.13215896 0.24701321 0.19832258 0.28670397 0.15923953 0.2692065  0.20871273 0.1897751  0.20018297 0.29442412 0.24004045 0.34588826 0.16965225 0.24676827 0.22732028 0.30282068
 0.33337992 0.22691588 0.4389881  0.32180527 0.13517293 0.27398437 0.17568174 0.2594207  0.22301614 0.13035251 0.22531618 0.14855069 0.33242145 0.2719059  0.24817006 0.22132492 0.18248083 0.16701718
 0.13977829 0.21351044 0.17079534 0.18398827 0.20397487 0.24237688 0.21998508 0.19620872 0.26743767 0.25917903 0.15566999 0.19985065 0.20600355 0.23342474 0.28395584 0.14453085 0.15082067 0.25972205
 0.17670938 0.22938153 0.24376038 0.24008718 0.1805321  0.18451683 0.26478022 0.1866671  0.26235119 0.25521934 0.20455049 0.2360936  0.17675611 0.2274483  0.27202478 0.16736662 0.20032474 0.217473
 0.24132816 0.20713164 0.23816441 0.22207211 0.22044967 0.17342302 0.19942696 0.37329507 0.19199495 0.16910553 0.14370637 0.14160728 0.19160907 0.18506527 0.2619518  0.17857766 0.22797768 0.2064255
 0.18706924 0.19065242 0.25163046 0.18170467 0.1432589  0.17155004 0.25736287 0.30707482 0.13107198 0.18199919 0.19000494 0.19168486 0.25053984 0.21253976 0.19347689 0.19257772 0.41700172 0.14623556
 0.2120942  0.15529099 0.18139067 0.290262   0.20530023 0.19206978 0.34736902 0.3196101  0.24154477 0.10627912 0.24602494 0.21870895 0.19679807 0.20905441 0.15413874 0.22916494 0.2058621  0.32903957
 0.19863091 0.24553365 0.2822994  0.29665145 0.20735306 0.27027234 0.24181314 0.27545202 0.2434704  0.24722865 0.27164423 0.22397822 0.18008113 0.20233421 0.2624475  0.23407076 0.20032817 0.24017374
 0.18480793 0.2820514  0.27302876 0.22375971 0.1583612  0.25448397 0.23091452 0.25398722 0.25352058 0.2031592  0.19868219 0.19921899 0.24429621 0.1869907  0.21978922 0.21573606 0.2704063  0.2354853
 0.44876793 0.17940049 0.18000126 0.09794337 0.23157552 0.17035128 0.37060177 0.15862215
