4.2528883e-01 6.5072364e-01 4.7461191e-01 8.1992966e-01 3.5559985e-01 4.7712868e-01 4.4129995e-01 4.1582695e-01 7.4625707e-01 5.4817224e-01 9.7009981e-01 5.4645771e-01 4.3520248e-01 3.4977430e-01
 6.3986635e-01 6.2942427e-01 4.1831017e-01 4.8527130e-01 7.1716654e-01 4.6233824e-01 7.0306396e-01 6.5452778e-01 6.0150874e-01 4.5958751e-01 5.1458639e-01 5.9748131e-01 3.7826619e-01 4.0835717e-01
 3.1193447e-01 4.0737700e-01 5.4807222e-01 4.2246112e-01 5.6951541e-01 6.1755693e-01 6.4763427e-01 5.6256771e-01 6.9270879e-01 5.2741718e-01 6.7003727e-01 3.6839575e-01 4.3298191e-01 5.4735106e-01
 5.6808954e-01 4.6196240e-01 7.0858383e-01 9.5710993e-01 9.1110504e-01 3.8299447e-01 4.9538317e-01 5.7108384e-01 4.3726701e-01 4.8473808e-01 4.9698550e-01 8.1286329e-01 1.2772330e+00 5.4121578e-01
 4.7780657e-01 4.5855236e-01 9.9435425e-01 8.6559385e-01 4.0055469e-01 5.0987387e-01 9.6155715e-01 6.8836218e-01 7.5585729e-01 7.6421732e-01 6.7702496e-01 4.3029869e-01 6.4670974e-01 6.3331527e-01
 5.6583399e-01 3.1553221e-01 7.4307495e-01 5.4779643e-01 6.1898732e-01 4.5213607e-01 7.5966221e-01 7.4617040e-01 3.3505988e-01 6.2960762e-01 7.7720726e-01 6.7419857e-01 5.7729197e-01 4.5970371e-01
 3.9470297e-01 5.6105506e-01 5.8548415e-01 5.5121446e-01 5.6089377e-01 6.9306511e-01 8.6997730e-01 5.4811758e-01 6.7658824e-01 2.5953278e-01 4.7912139e-01 5.8709717e-01 5.3619218e-01 6.0685253e-01
 5.3434247e-01 3.6402979e-01 7.1416312e-01 1.0180120e+00 8.7616748e-01 6.8626821e-01 4.4432226e-01 7.5876832e-01 1.0280303e+00 4.5691851e-01 6.3300812e-01 5.4467827e-01 6.5701014e-01 4.9911752e-01
 4.7189343e-01 2.7374488e-01 5.3268206e-01 6.1171722e-01 5.3610462e-01 3.2734537e-01 6.6664362e-01 7.7143955e-01 5.7341278e-01 4.9737844e-01 9.3381488e-01 5.3170097e-01 3.6664414e-01 8.6191571e-01
 7.5207770e-01 6.8925238e-01 6.6621977e-01 4.3992734e-01 4.4812188e-01 6.0744226e-01 4.9334964e-01 7.0283818e-01 5.6439948e-01 9.0992290e-01 7.5198638e-01 3.6599520e-01 8.9774013e-01 3.8973519e-01
 4.8631346e-01 3.8624579e-01 5.1886839e-01 4.8323375e-01 4.5154831e-01 4.0702403e-01 7.6136684e-01 4.7670335e-01 7.0376247e-01 5.7543945e-01 5.5714458e-01 6.9704300e-01 6.1839831e-01 2.8122827e-01
 5.6422377e-01 4.6086022e-01 4.5023608e-01 5.8355349e-01 7.2811705e-01 6.1669314e-01 6.0431260e-01 5.6669390e-01 7.6837355e-01 6.1681485e-01 6.3811487e-01 3.9414388e-01 5.5859137e-01 4.4493735e-01
 4.4633666e-01 4.0588570e-01 4.7405136e-01 4.8721966e-01 4.0615430e-01 4.3665808e-01 5.0085247e-01 8.8741827e-01 5.2911317e-01 7.9171056e-01 3.9070821e-01 3.8461637e-01 5.6674129e-01 7.9166371e-01
 5.7093191e-01 4.8678225e-01 6.3961649e-01 3.4547499e-01 3.4916624e-01 6.0890949e-01 4.8949680e-01 3.0387697e-01 3.3230725e-01 4.1005915e-01 5.7631761e-01 5.2550560e-01 7.3755598e-01 7.5615203e-01
 4.4484761e-01 3.5326466e-01 4.5245737e-01 4.5943648e-01 4.2178616e-01 5.0282705e-01 8.5578120e-01 5.1259422e-01 4.3833521e-01 3.6578566e-01 6.5490067e-01 5.8353615e-01 5.0176656e-01 3.2017717e-01
 5.5280036e-01 4.6980157e-01 6.8384784e-01 7.6811188e-01 7.4692607e-01 7.3198944e-01 7.9356861e-01 6.1391014e-01 3.8961357e-01 8.6759889e-01 4.6298352e-01 6.1111724e-01 5.5948126e-01 4.4750646e-01
 5.6174082e-01 5.6505638e-01 5.3328139e-01 8.0341393e-01 3.3808115e-01 1.0443119e+00 6.0656714e-01 6.1264861e-01 5.6775278e-01 3.2077304e-01 5.2466619e-01 6.0076755e-01 5.3570592e-01 4.3722606e-01
 5.6817454e-01 6.6184407e-01 4.8700714e-01 7.5366074e-01 7.0969588e-01 6.1533463e-01 4.0739822e-01 5.7554370e-01 3.5789740e-01 4.4553030e-01 2.8685802e-01 6.5758729e-01 5.7622063e-01 6.8776345e-01
 3.5594288e-01 4.9130857e-01 7.2375399e-01 3.7502941e-01 7.5156552e-01 6.7969942e-01 8.9734620e-01 4.7268647e-01 5.7166523e-01 4.2538211e-01 4.8750675e-01 5.8966726e-01 4.8788267e-01 6.7102957e-01
 7.5496179e-01 7.4964362e-01 7.6903749e-01 5.8635628e-01 6.4204669e-01 5.2045262e-01 5.0708467e-01 4.9204761e-01 8.5063493e-01 5.5061501e-01 6.5497905e-01 6.1160582e-01 4.5420873e-01 8.0123085e-01
 3.7457398e-01 4.3450990e-01 5.9295768e-01 3.7703386e-01 1.1209804e+00 4.5664424e-01 6.1722010e-01 7.0379728e-01 8.0163604e-01 2.3853898e-01 9.4471073e-01 5.9238219e-01 6.8062586e-01 8.2089025e-01
 9.1102093e-01 4.9897245e-01 6.4485443e-01 6.2577218e-01 8.9177459e-01 8.4892595e-01 5.3418106e-01 8.1755894e-01 6.2960547e-01 7.0513928e-01 4.4934961e-01 9.3702978e-01 7.3243195e-01 5.8991659e-01
 8.8660049e-01 8.5912281e-01 6.5335345e-01 4.0859798e-01 8.5417974e-01 6.8832731e-01 5.0921649e-01 4.6390626e-01 3.9948004e-01 6.1323285e-01 2.9819530e-01 2.4790791e-01 5.6745273e-01 6.5205514e-01
 5.8790076e-01 1.0793544e+00 7.7067518e-01 5.9514135e-01 3.5874695e-01 4.4678351e-01 6.3731831e-01 5.7583416e-01 8.1290758e-01 4.9813250e-01 2.9376942e-01 4.6904847e-01 9.7516930e-01 8.8074607e-01
 3.9607841e-01 8.4523028e-01 6.0735047e-01 5.5988300e-01 6.5034723e-01 1.0692410e+00 5.1769543e-01 7.6801413e-01 6.6203821e-01 5.8101863e-01 1.4584950e-01 7.5819129e-01 9.9771827e-01 7.4639332e-01
 4.2003471e-01 5.4220617e-01 6.9997507e-01 4.1164011e-01 7.6109487e-01 7.1989167e-01 2.9262239e-01 3.1181955e-01 5.4969108e-01 4.7742358e-01 2.6857346e-01 6.3695800e-01 9.3812674e-01 4.0097237e-01
 6.5785819e-01 7.7622020e-01 9.0404093e-01 5.3966039e-01 4.5926499e-01 4.0010807e-01 6.7685795e-01 5.6452513e-01 6.7143703e-01 4.8739865e-01 6.2934315e-01 4.4825727e-01 6.0202986e-01 1.1678189e-36
 6.1556035e-01 7.7238983e-01 3.6659855e-01 3.5830525e-01 8.6143899e-01 7.4648786e-01 7.4886799e-01 3.9500955e-01 4.0228748e-01 7.5617337e-01 4.2783958e-01 4.0265292e-01 4.9828863e-01 6.6836572e-01
 3.5906142e-01 3.8171846e-01 5.3482294e-01 3.7273467e-01 9.9154520e-01 5.4681706e-01 3.2882538e-01 6.0221773e-01 5.1796299e-01 8.5413015e-01 3.1578001e-01 7.1151561e-01 3.7549746e-01 6.3652837e-01
 4.5893002e-01 7.1458864e-01 4.0319610e-01 3.6360094e-01 4.5677331e-01 4.7426230e-01 6.3338494e-01 5.9492236e-01 5.1395893e-01 4.2270380e-01 4.3907663e-01 7.7523953e-01 3.5054278e-01 7.5012457e-01
 6.1379939e-01 1.1443555e+00 5.4586339e-01 7.2376835e-01 4.1195792e-01 5.1531851e-01 3.1081679e-01 3.2839841e-01 8.7077284e-01 5.3872222e-01 7.2621560e-01 1.0789326e+00 4.6752638e-01 6.7995399e-01
 5.6760532e-01 8.0369556e-01 6.4370120e-01 5.0143820e-01 4.8759648e-01 4.2364305e-01 6.5887201e-01 5.3612256e-01 6.1080766e-01 4.4763666e-01 5.3170025e-01 3.6321041e-01 7.4011266e-01 5.3572369e-01
 5.5310345e-01 6.2355536e-01 2.6030010e-01 3.4752449e-01 5.0446397e-01 3.2890695e-01 5.1412511e-01 7.0923728e-01 2.6883000e-01 8.1246889e-01 5.7655269e-01 7.5848436e-01 3.3701125e-01 4.2966676e-01
 5.4704237e-01 6.5763819e-01 3.5772276e-01 3.3560619e-01 6.2715816e-01 6.6314584e-01 5.8610857e-01 6.3890320e-01 6.7899626e-01 4.7684664e-01 3.0288932e-01 6.4968336e-01 5.6794405e-01 6.2563765e-01
 6.3787681e-01 4.8641890e-01 5.7660985e-01 4.4975856e-01 4.7203416e-01 6.3496774e-01 5.7971370e-01 7.8977776e-01 8.3486807e-01 2.9393181e-01 7.1039027e-01 5.1434660e-01 5.2201062e-01 6.1079264e-01
 6.1329442e-01 4.8742110e-01 4.9211717e-01 6.7447436e-01 5.5394650e-01 5.9493834e-01 3.5390833e-01 7.7193385e-01 4.7540653e-01 4.4122493e-01 8.1970519e-01 4.0758950e-01 7.3941714e-01 5.5001968e-01
 4.1928336e-01 3.7393087e-01 4.3562350e-01 9.2082822e-01 7.7131361e-01 4.4607171e-01 8.4101629e-01 4.7474986e-01
