 0.16930386  0.20315129  0.15763462  0.20116617  0.22022238  0.1704017   0.18712871  0.21020447  0.21065336  0.1532647   0.22977376 -0.20560579  0.19355756  0.21386285  0.16076964 -0.19237657
  0.2115846  -0.21912554  0.19486617 -0.20859423  0.19332258 -0.19040772  0.17192127  0.21542138  0.20102356  0.19111206  0.17373027  0.1948501   0.20717074  0.1857004   0.19024403  0.15530543
  0.20736176  0.24067618 -0.16517194  0.20799336  0.17226979 -0.2251581   0.19107844  0.22067045  0.2228209   0.19303183 -0.19508266 -0.21482353  0.18335335  0.20222118  0.18883018  0.2284995
 -0.2046648   0.20668091  0.17615151  0.17350945  0.22115298 -0.17115203  0.24201873  0.14525115  0.24114828  0.1320488  -0.2053175   0.23118918 -0.20036693  0.17610945  0.2080869  -0.18810116
  0.21023601  0.14140657  0.17793177  0.22387719  0.19232     0.17203051  0.1550142   0.22353348 -0.23098941  0.1945557  -0.21279514  0.2131292  -0.18370885  0.19700566  0.21751633  0.1947719
  0.19497858  0.20310612 -0.19275261  0.1972068   0.16849564  0.21212327 -0.21939236  0.23575494  0.16089006  0.20645957  0.19192421  0.18082586  0.25736544  0.16449197  0.20851746  0.20947368
  0.24471204  0.15212639 -0.19343798 -0.18243586  0.17945562  0.21019527 -0.21318984  0.20313634  0.2094947   0.2287675   0.22426143  0.20507903 -0.17983848  0.15828623 -0.20294194 -0.20506495
 -0.2319425   0.14809164  0.19516903 -0.18237662  0.1754194   0.21654604  0.18783674  0.20961578  0.22980675  0.19925874  0.21732065  0.16236822  0.22987427  0.22030225  0.18250604 -0.19468993
  0.16012925  0.21225154  0.19053818  0.17596422  0.18951887 -0.20492724  0.20578767  0.19583915  0.21927108  0.18374206  0.25042292  0.17354648  0.17471285  0.16462427  0.19119096  0.21441144
  0.1564362   0.21041718  0.22406013  0.21737286 -0.20371982  0.21379183  0.19524558  0.2601343   0.19693214  0.21745056 -0.18644454  0.21315224  0.15987541  0.23455285 -0.20298232 -0.17977394
  0.20835947  0.20695257  0.2053563   0.1939565   0.2410533   0.16283329  0.19475737 -0.18154535  0.19931506 -0.15359052  0.19122031 -0.20827127 -0.17192456  0.19061916 -0.18898626 -0.18491678
  0.16170225 -0.24818443  0.18889841  0.2162918  -0.20171201 -0.1866666   0.21243483  0.17059062  0.1720849   0.20041233  0.22178328 -0.19087093  0.18850645  0.19841166  0.19019127 -0.23486337
 -0.15708959  0.24780181  0.1808258  -0.19868766  0.19269885  0.17405014  0.2061637   0.24657021  0.21368717 -0.27255118  0.23598902  0.2100217  -0.22183844  0.2283162   0.19825946  0.17901038
  0.19826762  0.18956684  0.24227908  0.17640038  0.23756817  0.18890794  0.20496142  0.1646815   0.17987855  0.21533933  0.17824318  0.23411319  0.21337542  0.18232606  0.22697206  0.18891159
  0.23020566 -0.19127025  0.16786635  0.20098238  0.21348576  0.2001054   0.1934124   0.17066412  0.22659889  0.19335447  0.20594841  0.23429254  0.18834342  0.19453199  0.17924365  0.22814785
  0.1726889  -0.21105108  0.18830799  0.19425867  0.18649799  0.20213605  0.23698677  0.21548177  0.1863132   0.18783474  0.18660037 -0.15612717  0.17539085  0.20661037 -0.20192018  0.20937857
  0.21675019 -0.17783087  0.22157879  0.20015572 -0.22171868  0.18047175  0.18273519  0.18659295  0.23332353  0.19940558  0.20558357 -0.21393977  0.20665216  0.1644091   0.25197375  0.21810797
  0.22670387  0.19713758  0.192313    0.19580314  0.19055869  0.13392742 -0.2333605  -0.22570701  0.26392418  0.18434295 -0.1984357  -0.21414141 -0.19917941  0.2110438   0.20346521  0.22476636
  0.20805879  0.1880012   0.21295223  0.15386201  0.21383609 -0.20954661 -0.18432339  0.20156492  0.21804594  0.26217583  0.23849477  0.21332745 -0.19371343  0.20702097 -0.21207267 -0.16625002
  0.17217726  0.21505699  0.22301033  0.23346764  0.22789799  0.19561043  0.26434985  0.18736929  0.19053741 -0.19646105  0.21827614 -0.23671012  0.24534398  0.18748678  0.16145694  0.19110662
  0.21483827 -0.21463768  0.19104002  0.21281067  0.22149698 -0.18799652  0.19962862  0.21705107  0.2159368  -0.19541751  0.18644375 -0.17260428 -0.1985329  -0.22820611  0.20320421  0.19982742
  0.19675721  0.18872182 -0.1972278   0.21026482  0.21931574 -0.2307975   0.16768149  0.19471179  0.2126488  -0.20602247  0.20377485 -0.16408072  0.18197529  0.22660954 -0.21076684  0.22893101
  0.19030583  0.17468794  0.17704466 -0.19356006  0.19504963  0.21045756  0.19016774  0.20790556 -0.22051251  0.19560507 -0.23908532 -0.16746387  0.15736504  0.19409454 -0.21258835 -0.1668107
 -0.21678862 -0.19712408 -0.20816758  0.17407033  0.19640999  0.21767381  0.2394756   0.15926053 -0.20429996  0.9469978  -0.18094802  0.18781441  0.19430377  0.2079156   0.20001721  0.18658155
  0.27476108  0.21699724  0.17697258  0.21945958  0.20629998  0.20358326  0.24190438 -0.18989994  0.17848381  0.17795244 -0.20352165  0.17049697 -0.22365282  0.21461149  0.23324667  0.21846513
  0.2036775   0.22219798  0.22825868 -0.19403614  0.2171688   0.20824516  0.19559704  0.21130966  0.23367478  0.21643062  0.18889754  0.20430246  0.1755618   0.20311034  0.21431659  0.19375995
 -0.19219206  0.20352161  0.1650733  -0.18809988  0.17637542  0.21293119  0.20056745  0.23911895  0.15998043  0.1843929   0.19761737  0.17180818  0.22726466  0.1909138   0.14770436  0.23939607
 -0.14819053  0.23574209  0.19537112 -0.1680997  -0.21615289  0.16498931  0.17885228  0.19866687 -0.18344468  0.23340341  0.19664009  0.21167557  0.20047337  0.18485798  0.20939627  0.17882237
  0.21930228 -0.19556698  0.15177763  0.22126035  0.17858751  0.19885455  0.17572008 -0.18134004 -0.21672443  0.2270622   0.17871553 -0.1959682   0.19702798  0.19175988  0.14268246  0.18136424
  0.15056573 -0.20889056  0.17999667 -0.25902513  0.22744982  0.23934941  0.20978957  0.16991077  0.14782919  0.21950413  0.18452373  0.20773305  0.1679647   0.16129592  0.19213477  0.16698806
  0.21944372 -0.23517135  0.20891736  0.19894487  0.20033365  0.17433518  0.18788141 -0.20318234  0.20854834  0.1597232   0.182303    0.26450387  0.22821304  0.1848377  -0.25464687  0.24081798
  0.2366511   0.23078094  0.22450331  0.16023344 -0.20306794  0.15045562  0.2088189  -0.23732655  0.1856964   0.19108884  0.21997876  0.21217586  0.2030048  -0.2254931  -0.22648214  0.22220585
