 0.04719279  0.05841768  0.08451975  0.11418903  0.08778796  0.08320325  0.06095313  0.11007296  0.06691574  0.07612614  0.05210575 -0.0120447   0.07759994  0.10167719  0.07856053 -0.06453329
  0.10378074 -0.09380968  0.06354237 -0.07224157  0.05798603 -0.02444257  0.014401    0.12208099  0.05822992  0.08303277  0.04371642  0.09795354  0.09030978  0.05025969  0.08860869  0.07917354
  0.05692193  0.11706658 -0.04655091  0.1273993   0.06929345 -0.09003629  0.07835291  0.07592749  0.11955243  0.08968954 -0.08365812 -0.12231922  0.03034164  0.06750502  0.0768069   0.08191322
 -0.01697084  0.15303323  0.07047793  0.07138045  0.12961124 -0.03676376  0.04610588  0.00731916  0.13030107  0.02065339 -0.11079508  0.07702253 -0.09973104  0.09690441  0.03213806 -0.06896463
  0.10099305 -0.01566343  0.06200062  0.12346289  0.05627995  0.06704805  0.04110792  0.09500375 -0.10864254  0.05758554 -0.11016526  0.07069421 -0.06068558  0.08324474  0.08412837  0.12911387
  0.14484288  0.08430917 -0.14918183  0.02924867  0.13571206  0.11960984 -0.10210029  0.03371339  0.00364923  0.03533991  0.08365875  0.07266416  0.12894884  0.04979823  0.08724429  0.14078906
  0.09636062  0.05800548 -0.12168274 -0.09965423  0.05112945  0.04589712 -0.03588369  0.07906112  0.09142637  0.12601149  0.0986307   0.0299846  -0.05689616  0.01587976 -0.07652257 -0.08535772
 -0.14319059  0.05257397  0.0537413  -0.05499176  0.07066563  0.07676579  0.06217546  0.12385274  0.06997585  0.1238476   0.0390796   0.0171166   0.11385043  0.08253435  0.10028362 -0.09801375
  0.03676609  0.09792817  0.06227914  0.08627635  0.10028029 -0.11227138  0.10135362  0.04485139  0.0691356   0.07645018  0.17692162  0.05801901  0.06776462  0.08487888  0.06317538  0.11601577
  0.05307009  0.09498353  0.04567283  0.10224289 -0.0698199   0.11257996  0.07029809  0.15265149  0.10015181  0.07679182 -0.02586386  0.12939046  0.09436941  0.06049384 -0.12787932 -0.07655849
  0.07938552  0.07983389  0.11204807  0.08669406  0.1113539   0.06245987  0.08587432 -0.05037422  0.06925221 -0.05615088  0.06884284 -0.06135796 -0.07750135  0.04533378 -0.06042401 -0.07432934
  0.04385028 -0.12161141  0.04439229  0.05246632 -0.10129687 -0.1194377   0.06654078  0.0524653   0.07771728  0.11284226  0.09088775 -0.02920589  0.08002789  0.043695    0.11229298 -0.12726371
 -0.0220135   0.13840564  0.08437005 -0.16177443  0.05912388  0.02466835  0.04295795  0.15003574  0.09953883 -0.14949378  0.09415421  0.0625503  -0.09938721  0.09911075  0.10916459  0.06708051
  0.02821539  0.09782899  0.13789117  0.06605083  0.12241556  0.05541508  0.09236301  0.00230454  0.07451659  0.06098694  0.08216796  0.12295131  0.09924697  0.03527475  0.09285574  0.07005921
  0.06290032 -0.03934644  0.07727003  0.10672295  0.08760595  0.13157128  0.08187875  0.05094709  0.13479894  0.07913132  0.08160289  0.14592987  0.11284064  0.12803355  0.05107297  0.14916854
  0.08580541 -0.10095217  0.017003    0.09672221  0.06672738  0.06351454  0.08024     0.09962798  0.05970358  0.09415838  0.0840548  -0.07948551  0.02596652  0.0855098  -0.11829417  0.07365321
  0.14208691 -0.08221176  0.05118922  0.07969825 -0.10578795  0.09029637  0.06041776  0.09832748  0.12955827  0.09357619  0.0645284  -0.08422949  0.09197226  0.04354488  0.12778229  0.09574912
  0.11557286  0.08991898  0.09102126  0.04568198  0.10402245 -0.01054012 -0.13444513 -0.09913909  0.12152708  0.10599624 -0.05674816 -0.07299451 -0.11385686  0.09544124  0.0895264   0.14960942
  0.08601095  0.11186791  0.10640182  0.07923969  0.12798138 -0.06146002 -0.02414099  0.09806606  0.07349577  0.10655927  0.11565693  0.11520265 -0.08604345  0.12434847 -0.08893825 -0.04767304
  0.04579994  0.05650351  0.10175532  0.10477091  0.10499562  0.04383507  0.13517371  0.08069959  0.10637477 -0.07609816  0.0741168  -0.10987031  0.17872727  0.04404901  0.0828801   0.06588863
  0.09791018 -0.13308667  0.08949539  0.05165719  0.06587259 -0.04530141  0.05659632  0.07943525  0.06076659 -0.08100206  0.08053925 -0.06733613 -0.07100364 -0.09697272  0.10313988  0.05657724
  0.07923986  0.11570361 -0.0752826   0.1372935   0.10400619 -0.1287246   0.08534071  0.11344741  0.06417017 -0.08693563  0.07463203 -0.06064401  0.12159162  0.09814125 -0.10125808  0.09589814
  0.10107344  0.0637258   0.04168754 -0.07843734  0.0624515   0.05497709  0.0409166   0.13001038 -0.13674985  0.06596299 -0.04429797 -0.06013704  0.06648423  0.10724228 -0.04690873 -0.06104683
 -0.08331287 -0.06384853 -0.1025803   0.06841481  0.10405365  0.09932518  0.09417873  0.07502835 -0.11072977  0.0120553  -0.06229868  0.06814165  0.08949471  0.06551606  0.08093825  0.05539727
  0.17099851  0.05306674  0.07912803  0.11501346  0.09114363  0.10292667  0.10012668 -0.0564604   0.08849701  0.08295354 -0.08928542  0.0561453  -0.1001332   0.07866448  0.13796917  0.11862011
  0.03986432  0.08494936  0.07833265 -0.05779987  0.02422482  0.07595062  0.09283665  0.08307298  0.09185901  0.08355162  0.13217925  0.06563701  0.05897166  0.10311782  0.14429635  0.0881025
 -0.11079193  0.11801756  0.04048614 -0.04820235  0.12791915  0.06335193  0.0537675   0.08487009  0.06326846  0.04380366  0.05839518  0.061851    0.12628514  0.11596377  0.0483595   0.07212657
 -0.05808335  0.15082304  0.02873341 -0.07910886 -0.0865311   0.03731135  0.0366868   0.07502388 -0.06817813  0.0998582   0.13627757  0.07578905  0.10827254  0.06036888  0.04223204  0.03805929
  0.09758172 -0.05907503  0.04696695  0.11141701  0.08842153  0.11334959  0.06673943 -0.09442244 -0.09047658  0.11285947  0.10876399 -0.09762255  0.08384544  0.04207288  0.02675931  0.08509517
  0.08899853 -0.12094438  0.04416629 -0.14203353  0.11001752  0.11670857  0.03511782  0.07873266  0.06788591  0.09447993  0.11784873  0.10057072  0.09490544  0.08071759  0.13633929  0.09752211
  0.10598433 -0.14117344  0.08931144  0.09793354  0.07980758  0.06263071  0.0841401  -0.08175693  0.13786696  0.06362071  0.04320287  0.10926192  0.09837565  0.14266959 -0.12201251  0.1441593
  0.12686579  0.13358596  0.08400264  0.05445804 -0.09659492  0.04115934  0.07565031 -0.13254113  0.08128731  0.09523416  0.08250923  0.03875622  0.09598982 -0.1101956  -0.13412164  0.1494384 
