4.0107119e-01 6.8064469e-01 3.1046793e-01 7.7620828e-01 2.2673033e-01 3.8204163e-01 3.7621674e-01 3.1911862e-01 6.5246964e-01 4.0362689e-01 1.2077132e+00 6.0977376e-01 3.2925415e-01 2.0967191e-01
 4.6120420e-01 6.3502836e-01 4.2684248e-01 4.3243706e-01 8.0342340e-01 3.5524157e-01 6.7338914e-01 6.0487425e-01 5.3746808e-01 3.3417478e-01 3.8667980e-01 4.5397097e-01 2.6156881e-01 2.7777618e-01
 2.1995507e-01 3.3863828e-01 4.9131063e-01 3.6927408e-01 4.5742491e-01 4.8034894e-01 4.5942351e-01 5.2074569e-01 7.4114114e-01 4.5353833e-01 6.2904066e-01 2.7173862e-01 3.2637691e-01 5.7450676e-01
 5.5835575e-01 3.5367501e-01 8.1705666e-01 9.0017825e-01 8.6224598e-01 2.8963140e-01 4.5052615e-01 4.1755068e-01 3.8854682e-01 3.1068426e-01 3.8799933e-01 7.5554746e-01 1.6252326e+00 5.1188338e-01
 3.5519716e-01 3.4865919e-01 9.0823215e-01 9.4362050e-01 2.5613481e-01 4.2585173e-01 1.0305550e+00 6.0294211e-01 6.8047589e-01 6.0864949e-01 6.8617952e-01 3.4268048e-01 7.8068161e-01 5.9109640e-01
 4.1898841e-01 1.9305009e-01 5.5540013e-01 4.7899520e-01 5.7612693e-01 4.6397364e-01 6.9959944e-01 7.3683834e-01 3.2710081e-01 4.6585074e-01 6.4659190e-01 5.3618997e-01 4.6356678e-01 3.9205542e-01
 4.1401219e-01 4.0291941e-01 5.6921935e-01 5.5367589e-01 5.6832647e-01 7.5894028e-01 8.7347931e-01 4.8106390e-01 5.2225083e-01 1.7435606e-01 3.9413327e-01 5.6007379e-01 4.9120554e-01 6.2949848e-01
 5.0977796e-01 2.3321876e-01 7.1468663e-01 1.1858362e+00 9.2240512e-01 6.6669273e-01 4.3312407e-01 7.6232630e-01 1.0173811e+00 4.0500203e-01 4.9011987e-01 4.9644110e-01 5.9374499e-01 4.1972101e-01
 3.1522405e-01 1.5929668e-01 4.4866571e-01 6.0915822e-01 3.7608767e-01 2.1154417e-01 6.1800647e-01 7.5694668e-01 6.7567533e-01 5.6539643e-01 1.2514542e+00 4.4107965e-01 2.3991358e-01 9.8169196e-01
 6.6592950e-01 5.3589129e-01 5.9308636e-01 3.2058811e-01 3.4145656e-01 5.0997353e-01 3.9990073e-01 7.9664779e-01 4.1897213e-01 9.4712466e-01 6.6961932e-01 2.1983840e-01 8.0319756e-01 2.4978030e-01
 3.6892539e-01 4.0626785e-01 4.8844093e-01 3.5971379e-01 3.7606382e-01 2.5838295e-01 9.0241838e-01 4.7244394e-01 8.0095041e-01 5.9350151e-01 4.3011853e-01 5.7637179e-01 6.5899217e-01 1.8353783e-01
 5.1787955e-01 2.4922369e-01 3.2103032e-01 6.1891264e-01 7.7632427e-01 5.6491703e-01 5.6707138e-01 4.4191274e-01 7.7926970e-01 4.9317896e-01 5.5211157e-01 2.7002814e-01 4.4449216e-01 3.9926875e-01
 3.7853885e-01 2.6349941e-01 4.3935800e-01 3.6690766e-01 2.6856288e-01 3.7219405e-01 4.3205783e-01 8.8109654e-01 3.9151424e-01 6.9006050e-01 2.8678212e-01 3.3006674e-01 4.8527026e-01 5.1381445e-01
 4.3867421e-01 3.8919017e-01 5.3396630e-01 2.5531107e-01 2.2354041e-01 6.2309384e-01 3.7663630e-01 2.7077878e-01 1.7143504e-01 2.4511558e-01 4.9357483e-01 3.6004794e-01 6.1754346e-01 7.3735964e-01
 3.5073343e-01 3.0168781e-01 3.7929392e-01 3.4136099e-01 2.6407340e-01 4.0155533e-01 7.3822975e-01 6.1501384e-01 3.0660105e-01 2.2769029e-01 6.3225943e-01 4.4900492e-01 4.6715915e-01 2.2113283e-01
 3.5844725e-01 4.6192247e-01 7.2687507e-01 8.3119452e-01 7.0835191e-01 5.8985341e-01 7.2257209e-01 6.3470173e-01 2.5530198e-01 9.2157054e-01 3.1894752e-01 6.5482211e-01 4.6462616e-01 3.4223151e-01
 6.2954080e-01 5.2012944e-01 4.2541772e-01 1.0759219e+00 2.0590977e-01 8.7239450e-01 6.0512912e-01 4.3047112e-01 2.8838855e-01 2.1940266e-01 4.8161355e-01 4.8052841e-01 3.4939888e-01 3.3262023e-01
 5.5009794e-01 4.4309473e-01 4.0194988e-01 6.7380482e-01 6.9263345e-01 6.5453964e-01 3.0835474e-01 4.8870793e-01 2.3648643e-01 2.7032131e-01 2.4238384e-01 4.9790412e-01 6.7979753e-01 5.4503512e-01
 2.8252751e-01 4.1945201e-01 6.8013608e-01 2.3045838e-01 7.4227101e-01 5.8644974e-01 1.0156639e+00 3.9699906e-01 4.3749493e-01 2.9401115e-01 3.0170891e-01 5.4868793e-01 4.8922706e-01 7.4041784e-01
 8.6236012e-01 7.4990171e-01 7.9969358e-01 4.7675517e-01 5.2126408e-01 3.6849913e-01 3.5851389e-01 4.7471848e-01 9.2800581e-01 4.8232713e-01 4.9547255e-01 4.2139205e-01 3.7430981e-01 8.0222493e-01
 3.0881250e-01 4.1798979e-01 4.0923703e-01 3.7366053e-01 1.2373331e+00 3.5913092e-01 5.1222193e-01 5.9143138e-01 7.4039400e-01 1.3221797e-01 1.0126030e+00 3.7992308e-01 6.4745933e-01 9.0438038e-01
 7.3197711e-01 4.2191905e-01 7.0075166e-01 4.7478640e-01 1.1862605e+00 7.4691349e-01 3.0036160e-01 6.7531401e-01 5.7106286e-01 5.7110322e-01 3.0711767e-01 1.0916913e+00 8.1014287e-01 6.1391360e-01
 8.5380775e-01 1.0345724e+00 4.3747383e-01 3.4134057e-01 9.4531590e-01 6.2872243e-01 4.6698573e-01 3.3886975e-01 3.1729484e-01 5.1019764e-01 2.2324684e-01 1.4771377e-01 3.7934533e-01 6.7456853e-01
 4.1280729e-01 1.1632119e+00 9.0669912e-01 4.4192865e-01 2.9377767e-01 3.6177117e-01 7.1377099e-01 5.6641150e-01 8.4872168e-01 4.4582301e-01 1.7331104e-01 3.3899406e-01 8.0727154e-01 8.4659767e-01
 3.3381981e-01 7.7899832e-01 4.7705424e-01 4.5033401e-01 6.2426865e-01 1.0759257e+00 4.1042069e-01 7.2172248e-01 6.1721325e-01 6.3795936e-01 7.9879522e-02 7.8873563e-01 1.1859366e+00 6.1700457e-01
 3.3231342e-01 5.6314564e-01 5.7456422e-01 2.5478092e-01 8.1009144e-01 5.1289338e-01 1.9632776e-01 2.3898253e-01 5.1764828e-01 3.2314864e-01 2.0943172e-01 6.7678583e-01 1.2859004e+00 3.0618793e-01
 5.9393096e-01 6.9872659e-01 6.6665703e-01 4.2623186e-01 3.2025170e-01 3.5392222e-01 7.2403163e-01 4.5494980e-01 6.1156297e-01 3.7367272e-01 6.6789275e-01 3.0505258e-01 5.6776154e-01 1.1726735e-36
 5.8957553e-01 6.9547892e-01 1.6681306e-01 2.4617656e-01 9.4799250e-01 6.5403038e-01 8.0211139e-01 2.6517752e-01 2.6010892e-01 7.5613618e-01 4.4047162e-01 2.7746683e-01 4.2368138e-01 6.8725848e-01
 2.6805687e-01 3.1115037e-01 2.9924667e-01 2.3938456e-01 9.6612644e-01 4.4475183e-01 2.0812477e-01 5.2014112e-01 5.7843435e-01 1.0544740e+00 2.0579518e-01 8.3778661e-01 3.2040882e-01 6.0449147e-01
 3.0592510e-01 6.4605510e-01 2.7953029e-01 2.5919041e-01 2.5065339e-01 4.2145768e-01 5.6311035e-01 4.2582425e-01 3.7633100e-01 3.0246890e-01 2.9333121e-01 6.8848109e-01 2.5436541e-01 8.2376528e-01
 4.4467494e-01 1.0317647e+00 5.3771186e-01 5.5204719e-01 3.5924271e-01 5.1460195e-01 2.0281802e-01 1.8510589e-01 7.2221971e-01 5.2517432e-01 6.9992810e-01 1.4005800e+00 4.1638193e-01 5.5701745e-01
 6.1826730e-01 7.7141041e-01 5.6668264e-01 4.4887599e-01 3.7313676e-01 3.2148197e-01 5.9068573e-01 4.6884096e-01 7.0901632e-01 2.7754682e-01 3.6738479e-01 2.9316354e-01 7.1215254e-01 5.6622463e-01
 3.9940697e-01 5.3310877e-01 1.7929673e-01 2.4207553e-01 4.3239889e-01 2.5995436e-01 4.2388779e-01 6.3685167e-01 1.9079450e-01 7.1850574e-01 4.5541105e-01 8.1906527e-01 2.1524650e-01 2.6898625e-01
 5.2654082e-01 6.1133146e-01 2.3024806e-01 2.3370230e-01 6.2494010e-01 5.0429147e-01 5.9724528e-01 5.7894093e-01 6.9712919e-01 3.1360862e-01 1.9142196e-01 5.9679335e-01 4.4758257e-01 6.8497932e-01
 6.4104980e-01 3.5350591e-01 5.5019224e-01 3.1771600e-01 3.5278824e-01 5.9196526e-01 5.6236982e-01 7.3353404e-01 8.4113187e-01 1.8071750e-01 5.7635170e-01 3.6592934e-01 4.0019619e-01 6.4703900e-01
 6.7697191e-01 4.1804618e-01 3.9363262e-01 4.6360981e-01 5.6369513e-01 4.9495757e-01 2.6510274e-01 6.5319568e-01 4.4935685e-01 3.7724581e-01 9.0863937e-01 3.3026433e-01 6.3459778e-01 5.2185881e-01
 2.6620537e-01 2.0235869e-01 3.5325828e-01 9.8415101e-01 7.8699237e-01 3.8771692e-01 8.6513001e-01 3.5676885e-01
